geneid	13	14	15	19	20	21
chemoheterotrophy	10865	6387	5890	8409	8498	7836
aerobic	7548	3672	3726	6181	6030	5600
fermentation	2838	2106	1642	2040	2195	1889
respiration	1098	1147	1371	492	1068	543
nitrate	2621	1319	471	443	404	362
iron_respiration	486	2062	1115	710	708	464
nitrogen_respiration	2271	1048	325	216	280	250
nitrate_respiration	2271	1048	325	216	280	249
sulfate_respiration	919	1019	745	212	602	426
phototrophy	434	365	546	587	647	530
photoheterotrophy	410	337	481	546	533	477
chlorate_reducers	1437	745	71	56	42	26
nitrogen_fixation	867	787	147	59	157	340
methylotrophy	488	535	419	270	296	318
xylanolysis	336	284	93	520	476	485
methanotrophy	158	94	325	35	36	86
Others	888	999	1303	1270	1706	1478
