Geneid	B03-12-1	B03-12-2	B03-12-3	B03-16-2	B03-16-3	B03-16
Glyma.01G001200	0.196	0.126	0.120	0.976	0.988	1.283
Glyma.01G002000	55.018	58.374	53.422	22.873	24.851	24.032
Glyma.01G002400	1.328	1.520	0.920	13.337	14.378	11.228
Glyma.01G002501	0.414	0.432	0.168	3.427	4.692	3.466
Glyma.01G004200	4.530	4.583	4.915	0.705	0.791	0.989
Glyma.01G004600	0.095	0.126	0.131	1.342	1.411	0.901
Glyma.01G004700	0.222	0.235	0.171	1.646	2.002	2.184
Glyma.01G005200	0.876	1.029	1.084	4.773	5.004	4.080
Glyma.01G006000	1.080	1.072	0.969	3.740	3.888	5.319
Glyma.01G006200	4.053	2.874	4.155	14.612	15.778	11.079
Glyma.01G006700	10.061	10.167	10.717	3.834	3.005	2.814
Glyma.01G006800	0.127	0.094	0.078	0.693	0.693	1.115
Glyma.01G007200	2.077	2.149	2.324	9.642	9.420	10.050
Glyma.01G007300	0.265	0.368	0.372	1.669	2.047	2.135
Glyma.01G007800	0.156	0.134	0.224	4.180	4.185	5.615
Glyma.01G009000	1.068	0.992	1.078	0.000	0.029	0.000
Glyma.01G009600	0.201	0.356	0.371	1.670	1.235	1.221
Glyma.01G009700	0.054	0.057	0.071	7.460	6.775	6.440
Glyma.01G009900	6.025	7.140	6.789	2.832	2.921	3.848
Glyma.01G010200	587.397	594.631	590.838	119.855	125.620	123.614
Glyma.01G010500	6.296	6.435	6.205	0.710	0.678	0.538
Glyma.01G012400	10.359	10.051	9.101	4.209	4.425	5.597
Glyma.01G013500	1.599	1.526	1.941	9.617	9.486	10.252
Glyma.01G013900	27.304	25.555	27.726	5.176	6.108	5.770
Glyma.01G014600	0.457	0.445	0.327	4.530	3.841	4.177
Glyma.01G015100	68.724	67.858	70.063	29.664	32.327	33.421
Glyma.01G017700	22.431	23.211	22.969	2.061	2.764	2.866
Glyma.01G017800	1.745	1.713	1.794	0.670	0.796	0.342
Glyma.01G018000	41.897	41.516	43.238	20.646	21.468	19.005
Glyma.01G018100	0.192	0.290	0.303	11.519	5.624	1.828
Glyma.01G018800	3.753	3.340	3.699	0.724	1.258	0.643
Glyma.01G019500	1.255	0.642	1.102	0.169	0.331	0.303
Glyma.01G020900	1.161	1.200	1.107	3.778	4.453	4.171
Glyma.01G021000	30.067	28.993	28.622	5.465	4.908	4.739
Glyma.01G021900	5.119	5.754	5.481	2.635	2.721	2.144
Glyma.01G022400	1.113	1.331	1.182	0.610	0.614	0.426
Glyma.01G022700	0.213	0.282	0.331	2.224	1.852	1.972
Glyma.01G023200	10.224	10.499	10.317	2.732	2.574	2.292
Glyma.01G025000	0.117	0.211	0.082	1.245	1.328	0.981
Glyma.01G025100	40.944	39.076	42.066	179.521	194.818	139.859
Glyma.01G025200	9.485	11.335	10.414	1.115	0.680	1.238
Glyma.01G025500	0.984	0.883	0.847	7.548	8.172	9.323
Glyma.01G026700	252.927	259.336	251.735	61.253	67.293	71.949
Glyma.01G027500	9.264	9.003	9.551	1.405	1.244	1.514
Glyma.01G027800	0.331	0.503	0.257	1.146	1.391	1.411
Glyma.01G028100	1.639	1.532	1.706	0.743	0.541	0.825
Glyma.01G028200	0.408	0.668	0.610	3.602	4.401	4.042
Glyma.01G028600	0.388	0.257	0.252	2.287	2.061	2.231
Glyma.01G030000	0.085	0.038	0.000	2.876	3.050	2.332
Glyma.01G030500	29.448	29.545	31.262	7.858	8.059	9.808
Glyma.01G030900	1.598	1.354	1.451	9.903	10.231	9.947
Glyma.01G031300	0.076	0.072	0.024	0.953	0.730	1.220
Glyma.01G031500	4.243	4.470	4.589	1.864	1.690	1.706
Glyma.01G031900	1.089	1.095	1.192	3.866	3.780	4.587
Glyma.01G032000	0.213	0.282	0.285	5.594	5.367	5.813
Glyma.01G033700	0.426	0.343	0.429	1.841	2.388	2.104
Glyma.01G033800	32.051	33.251	31.089	9.304	8.715	8.228
Glyma.01G034000	0.026	0.210	0.088	61.842	75.294	79.151
Glyma.01G034900	0.040	0.017	0.015	4.872	5.611	5.614
Glyma.01G035500	0.000	0.000	0.000	4.856	6.329	7.849
Glyma.01G035600	0.068	0.112	0.037	1.156	1.485	2.001
Glyma.01G036900	5.992	6.368	6.123	0.556	0.390	0.546
Glyma.01G037200	0.925	0.802	1.074	0.402	0.514	0.242
Glyma.01G037700	1.265	1.155	1.105	3.785	3.734	4.520
Glyma.01G038400	0.157	0.220	0.183	1.163	0.844	1.048
Glyma.01G038600	42.505	41.136	43.494	4.555	4.592	4.051
Glyma.01G039900	0.309	0.157	0.236	1.411	1.471	1.188
Glyma.01G040200	226.700	235.280	229.588	24.836	26.897	26.687
Glyma.01G040500	0.629	0.666	0.556	3.631	4.013	3.570
Glyma.01G040700	22.233	22.052	20.794	8.729	10.350	10.629
Glyma.01G042300	26.108	24.758	25.828	9.965	9.535	9.735
Glyma.01G043600	1.269	1.534	1.747	0.437	0.546	1.087
Glyma.01G043800	0.807	0.443	0.576	1.914	2.069	2.506
Glyma.01G044400	0.000	0.099	0.412	0.554	1.349	1.811
Glyma.01G044500	22.281	21.679	21.893	3.711	3.562	3.319
Glyma.01G045400	0.000	0.151	0.000	1.863	2.208	1.643
Glyma.01G045900	1.009	1.104	1.178	0.058	0.025	0.059
Glyma.01G046000	1.459	1.201	1.219	4.488	4.714	4.263
Glyma.01G046300	0.079	0.105	0.161	0.845	0.820	1.003
Glyma.01G046400	0.241	0.221	0.062	2.950	3.138	3.631
Glyma.01G047900	4.372	3.919	4.162	1.303	1.510	1.174
Glyma.01G048000	3.320	3.189	3.487	1.036	0.949	1.474
Glyma.01G048100	0.422	0.439	0.411	1.926	2.089	1.601
Glyma.01G048600	0.176	0.285	0.260	0.757	0.910	1.307
Glyma.01G048700	3.008	3.452	3.437	0.562	1.248	0.829
Glyma.01G049400	1.042	0.984	1.055	0.043	0.037	0.132
Glyma.01G050100	0.928	1.047	0.907	27.777	30.200	22.917
Glyma.01G052500	0.427	0.350	0.437	2.051	1.638	1.617
Glyma.01G053300	0.961	0.799	1.026	6.332	5.892	6.898
Glyma.01G053400	0.222	0.441	0.368	2.306	1.718	2.523
Glyma.01G053800	3.422	3.045	2.897	0.755	0.805	0.841
Glyma.01G054400	0.087	0.057	0.192	8.118	7.894	8.682
Glyma.01G054900	0.218	0.367	0.399	1.447	1.105	1.057
Glyma.01G056100	1.192	1.405	1.190	0.315	0.442	0.495
Glyma.01G057100	5.600	6.127	6.569	22.411	23.246	22.324
Glyma.01G058300	15.479	16.144	15.700	6.432	6.279	5.265
Glyma.01G058500	21.369	21.983	21.339	4.368	5.668	5.647
Glyma.01G060300	1.061	1.001	1.009	0.067	0.102	0.103
Glyma.01G061000	2.387	2.602	2.037	7.801	8.926	7.812
Glyma.01G061100	7.539	7.245	7.638	3.166	2.460	2.309
Glyma.01G062000	15.571	16.126	15.838	5.586	4.640	5.073
Glyma.01G062100	0.995	0.720	0.753	7.864	7.505	8.414
Glyma.01G062400	0.447	0.491	0.561	22.898	22.210	20.701
Glyma.01G063700	2.201	2.259	2.100	0.415	0.457	0.693
Glyma.01G063800	1.255	1.250	1.221	0.351	0.289	0.245
Glyma.01G067100	3.317	3.537	3.653	1.511	1.653	1.582
Glyma.01G067600	0.932	0.680	0.871	3.140	3.191	2.808
Glyma.01G069000	0.287	0.104	0.317	0.851	1.782	1.778
Glyma.01G069500	4.399	4.599	4.486	18.206	18.715	22.214
Glyma.01G070150	1.729	1.717	1.432	0.554	1.039	0.536
Glyma.01G071300	90.417	89.756	87.978	18.627	20.387	23.646
Glyma.01G071400	400.069	397.598	388.979	76.241	89.261	90.265
Glyma.01G071600	0.152	0.403	0.336	4.070	5.109	6.002
Glyma.01G071700	1.252	1.303	1.317	0.243	0.308	0.294
Glyma.01G076900	17.041	15.830	17.108	4.101	3.476	2.877
Glyma.01G077000	2.681	2.331	3.003	0.145	0.050	0.119
Glyma.01G078150	3.680	2.345	2.408	0.607	1.055	0.207
Glyma.01G078200	22.891	21.412	23.203	4.563	5.400	4.857
Glyma.01G078800	4.021	4.019	3.503	19.654	24.453	21.931
Glyma.01G079100	51.275	52.372	51.108	8.419	8.966	10.591
Glyma.01G080500	7.321	7.598	7.799	2.653	2.284	1.902
Glyma.01G080900	1.414	1.419	1.057	5.010	5.471	5.703
Glyma.01G081300	2.183	2.172	2.051	96.930	93.374	95.394
Glyma.01G083000	25.344	26.035	24.116	12.429	12.738	12.262
Glyma.01G083100	0.052	0.069	0.019	0.857	1.061	1.379
Glyma.01G083700	2.815	3.002	2.800	0.796	0.677	0.694
Glyma.01G084600	0.660	0.987	0.864	4.681	5.029	3.982
Glyma.01G084800	1.331	1.028	1.524	0.348	0.254	0.299
Glyma.01G087800	0.525	0.508	0.707	4.522	3.582	1.940
Glyma.01G087900	21.008	20.926	19.471	3.110	3.006	3.108
Glyma.01G089300	43.625	44.818	45.250	20.862	20.610	24.783
Glyma.01G090900	0.254	0.067	0.336	1.583	1.572	1.539
Glyma.01G093800	2.826	3.877	2.834	0.115	0.301	0.079
Glyma.01G095500	0.000	0.000	0.000	8.132	8.324	10.097
Glyma.01G095232	39.241	38.283	38.866	284.925	275.920	261.668
Glyma.01G099000	0.213	0.141	0.352	1.501	2.196	1.935
Glyma.01G099500	4.601	3.164	2.837	0.798	1.233	1.630
Glyma.01G102300	11.574	12.471	10.678	3.427	4.950	5.580
Glyma.01G104100	0.330	0.226	0.341	5.932	5.595	5.992
Glyma.01G104200	1.447	1.652	1.442	0.540	0.619	0.551
Glyma.01G105000	10.716	10.774	10.166	3.483	3.225	3.672
Glyma.01G105200	3.568	4.293	3.683	0.206	0.239	0.140
Glyma.01G106200	2.460	2.795	2.469	7.450	8.621	10.883
Glyma.01G107850	0.121	0.080	0.067	0.696	0.800	1.628
Glyma.01G107901	0.122	0.243	0.540	3.995	3.709	3.616
Glyma.01G107951	0.085	0.084	0.210	1.443	0.845	1.729
Glyma.01G109500	23.875	25.537	23.242	4.081	4.632	3.866
Glyma.01G109600	1.202	1.945	1.364	0.694	0.560	0.354
Glyma.01G114000	0.935	0.941	0.935	5.928	5.804	4.812
Glyma.01G114800	9.390	9.727	9.428	34.344	36.602	37.126
Glyma.01G115000	6.567	6.832	5.687	0.298	0.376	0.654
Glyma.01G116300	4.466	4.245	3.541	1.820	2.231	1.552
Glyma.01G119300	0.325	0.354	0.190	3.346	3.696	3.127
Glyma.01G119500	2.173	2.427	2.226	7.322	7.718	9.068
Glyma.01G121700	4.368	4.314	4.840	17.274	18.984	22.922
Glyma.01G124500	2.703	2.645	3.022	16.426	18.172	16.515
Glyma.01G125800	0.044	0.039	0.032	1.381	1.663	1.799
Glyma.01G127100	1.630	1.592	1.151	0.198	0.345	0.081
Glyma.01G127200	8.289	6.871	9.064	1.140	1.469	0.682
Glyma.01G127500	0.423	0.275	0.345	1.844	1.493	2.148
Glyma.01G129700	0.427	0.754	0.409	16.072	18.413	19.863
Glyma.01G130400	0.098	0.065	0.271	2.117	2.220	1.863
Glyma.01G131500	4.828	5.219	5.016	2.248	2.030	2.385
Glyma.01G132000	25.987	26.011	25.763	4.025	3.799	4.209
Glyma.01G132100	19.019	19.552	19.604	2.840	3.011	2.900
Glyma.01G132300	3.173	4.337	3.732	1.827	1.645	1.977
Glyma.01G132600	0.000	0.000	0.033	4.125	4.856	3.532
Glyma.01G133000	0.458	0.472	0.443	1.747	1.888	1.938
Glyma.01G133050	2.633	2.875	2.706	0.799	0.707	1.136
Glyma.01G133300	0.006	0.073	0.018	1.153	1.017	1.512
Glyma.01G134700	1.485	3.932	2.649	0.678	0.737	0.519
Glyma.01G134800	1.246	0.776	1.618	0.000	0.095	0.333
Glyma.01G136400	0.000	0.000	0.000	0.845	1.049	0.493
Glyma.01G137100	0.766	1.061	0.712	0.284	0.090	0.106
Glyma.01G141900	0.817	1.122	0.902	0.270	0.156	0.183
Glyma.01G142400	29.650	29.978	29.682	245.257	280.737	262.838
Glyma.01G148700	0.418	0.799	0.410	8.707	7.486	6.614
Glyma.01G148800	3.196	2.463	2.160	18.732	19.293	22.559
Glyma.01G150300	2.633	2.799	2.897	1.486	1.047	1.020
Glyma.01G151300	8.021	7.268	7.680	0.684	0.687	0.606
Glyma.01G152100	0.564	0.539	0.323	3.025	3.384	4.467
Glyma.01G153000	0.188	0.204	0.264	1.853	2.184	1.710
Glyma.01G153300	0.181	0.315	0.210	2.824	2.540	2.739
Glyma.01G153600	0.506	0.367	0.379	2.896	2.991	3.291
Glyma.01G156200	10.799	10.662	11.447	3.094	2.637	3.750
Glyma.01G156700	0.784	0.870	0.891	3.816	3.539	2.638
Glyma.01G157100	3.764	3.788	3.480	1.363	1.046	1.438
Glyma.01G157300	0.932	1.106	0.908	5.054	5.037	5.046
Glyma.01G157900	20.200	20.272	19.398	7.026	6.898	9.240
Glyma.01G159100	0.278	0.338	0.273	1.033	1.078	1.243
Glyma.01G159600	0.407	0.289	0.391	1.612	1.391	2.434
Glyma.01G159700	0.024	0.127	0.066	2.444	2.543	2.077
Glyma.01G160100	8.186	7.674	7.502	3.615	3.261	2.882
Glyma.01G160300	0.081	0.064	0.027	2.727	2.850	2.894
Glyma.01G161200	1.256	1.063	1.046	3.759	4.329	3.744
Glyma.01G161500	54.685	59.499	56.158	20.891	25.259	25.577
Glyma.01G161700	2.589	2.502	2.580	9.699	9.387	9.541
Glyma.01G162500	2.351	3.212	2.121	1.051	0.978	1.073
Glyma.01G163800	1.157	1.118	1.151	5.619	5.407	4.362
Glyma.01G164000	0.700	0.772	0.878	7.288	7.564	8.645
Glyma.01G166000	17.018	16.954	18.932	6.055	6.468	7.639
Glyma.01G167500	12.590	12.041	13.021	50.451	54.818	38.093
Glyma.01G167800	17.479	23.136	17.749	9.610	9.464	5.396
Glyma.01G168400	6.007	6.961	5.614	25.753	23.665	30.335
Glyma.01G168500	33.359	32.114	35.003	1.628	1.475	1.520
Glyma.01G170000	0.000	0.015	0.000	1.074	0.828	0.566
Glyma.01G170200	2.047	2.047	1.972	17.209	17.085	17.837
Glyma.01G171900	1.320	1.500	1.787	7.355	8.576	8.906
Glyma.01G172200	0.515	0.531	0.504	2.311	2.476	2.939
Glyma.01G172600	1.434	1.430	1.388	8.649	8.726	12.158
Glyma.01G173050	23.033	24.772	22.192	5.968	7.183	6.957
Glyma.01G173800	5.807	6.405	5.667	2.054	2.303	3.086
Glyma.01G175200	2.838	3.191	2.807	14.102	14.629	16.888
Glyma.01G175300	0.613	0.503	0.610	2.536	2.104	3.217
Glyma.01G175751	10.918	10.561	7.881	1.403	3.385	3.341
Glyma.01G176300	0.832	1.161	0.720	3.039	3.221	3.273
Glyma.01G179251	0.099	0.065	0.254	1.002	0.870	0.599
Glyma.01G179300	0.334	0.350	0.292	2.865	2.894	3.037
Glyma.01G179400	13.773	13.919	13.959	2.526	2.778	2.418
Glyma.01G180366	0.057	0.000	0.031	21.079	19.308	11.731
Glyma.01G180500	0.123	0.041	0.000	2.285	3.058	2.053
Glyma.01G181900	1.365	1.417	1.883	0.349	0.395	0.428
Glyma.01G183100	0.725	0.621	0.875	12.444	13.520	13.448
Glyma.01G185200	0.342	0.218	0.280	1.090	1.666	1.592
Glyma.01G186800	0.223	0.177	0.270	19.331	25.297	20.612
Glyma.01G187200	1.241	1.124	1.421	6.994	7.522	6.165
Glyma.01G187400	0.711	0.790	0.770	4.967	4.192	4.974
Glyma.01G187600	0.071	0.113	0.094	0.801	1.282	1.033
Glyma.01G188000	0.923	0.774	0.747	4.236	4.356	4.546
Glyma.01G188200	0.494	0.523	0.457	1.842	1.791	2.095
Glyma.01G188600	15.589	15.579	16.738	5.294	6.385	6.143
Glyma.01G189100	2.934	2.650	2.842	1.438	1.309	0.951
Glyma.01G189800	4.982	7.334	5.447	1.804	1.630	1.510
Glyma.01G190000	0.035	0.093	0.019	4.289	5.353	4.617
Glyma.01G190700	10.792	11.238	11.316	2.790	3.476	2.997
Glyma.01G190900	3.230	2.895	3.182	24.612	25.896	18.962
Glyma.01G191500	17.703	16.822	17.177	1.129	1.580	1.637
Glyma.01G191600	56.269	54.542	55.905	2.305	3.214	3.863
Glyma.01G192300	9.939	9.809	8.861	2.232	2.406	2.575
Glyma.01G192500	0.164	0.218	0.262	3.226	4.170	3.516
Glyma.01G192900	0.379	0.342	0.490	7.761	7.626	8.834
Glyma.01G193500	0.023	0.008	0.058	1.121	1.155	1.383
Glyma.01G193900	0.168	0.111	0.077	0.893	1.282	0.912
Glyma.01G195000	0.293	0.291	0.251	4.649	4.008	4.549
Glyma.01G195100	0.131	0.123	0.103	1.079	0.673	1.102
Glyma.01G195600	2.155	2.117	2.354	0.488	0.571	0.223
Glyma.01G196600	8.581	8.977	8.672	3.904	4.374	3.724
Glyma.01G196800	1.034	1.198	1.142	7.017	8.452	7.861
Glyma.01G197500	0.186	0.208	0.300	6.057	6.149	4.513
Glyma.01G198600	0.412	0.363	0.265	1.172	1.350	1.405
Glyma.01G199400	4.740	4.814	4.941	1.088	0.865	1.084
Glyma.01G200200	12.966	13.925	12.267	5.492	5.347	6.210
Glyma.01G201500	1.227	2.706	1.655	7.486	9.845	6.610
Glyma.01G202301	0.225	0.000	0.000	1.133	0.290	0.817
Glyma.01G203200	7.385	6.311	6.276	2.227	2.624	3.588
Glyma.01G203500	1.300	1.395	1.339	0.493	0.410	0.481
Glyma.01G205100	2.395	2.686	2.447	0.819	0.806	1.255
Glyma.01G205500	0.022	0.000	0.049	1.086	1.116	1.176
Glyma.01G205700	28.975	29.456	29.568	11.992	12.367	11.781
Glyma.01G205900	19.166	18.940	19.072	7.792	6.478	6.062
Glyma.01G206100	0.000	0.019	0.032	0.818	0.692	1.318
Glyma.01G206500	0.488	0.591	0.557	4.383	4.449	4.550
Glyma.01G207300	7.043	6.780	6.726	2.172	2.808	2.662
Glyma.01G207500	23.000	23.650	23.705	10.808	10.225	11.305
Glyma.01G208000	6.460	6.065	6.051	0.285	0.195	0.061
Glyma.01G209500	0.000	0.000	0.000	15.939	16.638	12.449
Glyma.01G209700	8.027	7.575	7.033	28.062	28.393	25.549
Glyma.01G210600	0.070	0.033	0.070	1.493	1.314	1.822
Glyma.01G211200	22.290	22.119	22.549	8.329	7.892	8.350
Glyma.01G212200	2.293	2.090	1.860	0.804	0.614	0.981
Glyma.01G212300	1.013	0.872	1.035	0.169	0.049	0.096
Glyma.01G212400	0.174	0.346	0.217	0.906	0.797	1.024
Glyma.01G212800	0.982	0.989	0.966	4.562	4.019	3.784
Glyma.01G213600	0.403	0.463	0.439	2.342	2.234	2.651
Glyma.01G213700	12.972	13.390	13.776	1.485	1.583	1.219
Glyma.01G214300	105.440	106.499	103.615	27.275	29.298	34.217
Glyma.01G214800	17.236	17.663	17.808	8.178	8.919	7.954
Glyma.01G214900	1.257	1.059	1.261	0.170	0.589	0.000
Glyma.01G215100	2.434	2.920	3.085	1.232	1.151	1.551
Glyma.01G215151	1.002	1.493	1.245	0.186	0.000	0.000
Glyma.01G215500	34.187	32.889	34.129	142.851	148.721	154.243
Glyma.01G217400	7.756	7.155	7.154	1.134	1.493	0.959
Glyma.01G217700	6.844	6.229	6.172	0.244	0.318	0.093
Glyma.01G217900	2.896	2.791	3.197	1.372	1.422	1.473
Glyma.01G218100	0.641	0.587	0.675	2.411	2.095	3.198
Glyma.01G218600	6.157	6.341	5.745	1.636	1.900	1.430
Glyma.01G219400	29.855	30.385	29.443	3.867	4.664	4.861
Glyma.01G219502	157.613	153.497	150.974	6.530	8.210	11.064
Glyma.01G220600	0.412	0.363	0.379	4.204	4.405	3.043
Glyma.01G220700	0.032	0.025	0.091	1.107	1.060	1.235
Glyma.01G221400	21.911	24.091	21.955	2.237	2.551	1.842
Glyma.01G221600	0.011	0.000	0.012	7.607	8.629	7.750
Glyma.01G221800	1.815	1.256	1.639	0.367	0.692	0.813
Glyma.01G222200	1.764	2.414	2.146	0.755	0.656	0.634
Glyma.01G222700	8.129	8.366	7.921	3.596	3.874	3.722
Glyma.01G223800	0.511	0.507	0.388	1.943	2.636	2.468
Glyma.01G224000	0.082	0.148	0.066	1.391	1.449	1.432
Glyma.01G224100	0.144	0.096	0.080	4.017	4.398	3.089
Glyma.01G226100	0.119	0.471	0.341	3.100	2.449	1.403
Glyma.01G227500	2.986	3.507	2.789	0.245	0.266	0.385
Glyma.01G228700	3.509	2.500	3.475	1.121	0.792	0.811
Glyma.01G229600	0.059	0.094	0.052	1.585	1.193	1.833
Glyma.01G229800	198.782	189.605	184.211	36.700	35.498	41.114
Glyma.01G230200	9.073	8.291	8.543	32.477	40.074	33.995
Glyma.01G230600	0.207	0.388	0.238	1.869	1.547	2.039
Glyma.01G231700	4.871	5.669	4.760	1.766	1.781	2.232
Glyma.01G231800	29.738	27.355	25.773	4.804	4.770	7.677
Glyma.01G233600	3.536	3.848	3.457	13.574	14.411	17.826
Glyma.01G234000	4.333	4.903	5.493	1.948	1.798	2.424
Glyma.01G234400	0.242	0.137	0.248	0.922	1.357	1.333
Glyma.01G234500	1.317	1.258	1.229	18.538	22.149	17.445
Glyma.01G234600	11.394	12.984	11.645	2.456	1.801	2.671
Glyma.01G235600	40.772	38.658	39.550	12.457	12.672	13.473
Glyma.01G235800	0.528	0.622	0.752	3.329	3.393	2.740
Glyma.01G236300	0.153	0.158	0.095	6.586	6.871	9.039
Glyma.01G238600	0.278	0.388	0.340	1.076	1.445	1.232
Glyma.01G238900	0.112	0.037	0.062	3.770	3.312	2.919
Glyma.01G239500	2.300	1.708	2.245	1.062	0.904	1.084
Glyma.01G240100	1.094	0.933	1.020	0.437	0.485	0.342
Glyma.01G240700	0.746	0.812	0.714	3.053	2.418	2.514
Glyma.01G241100	0.131	0.348	0.269	1.031	1.113	1.365
Glyma.01G241200	2.355	2.371	2.504	10.531	10.996	11.080
Glyma.01G242700	0.211	0.330	0.191	1.025	1.757	1.279
Glyma.01G244132	8.807	10.283	8.031	4.260	2.362	3.900
Glyma.01G244200	6.102	7.033	6.476	3.046	2.002	2.432
Glyma.01G244600	0.138	0.051	0.068	4.137	3.892	3.676
Glyma.01G244700	0.181	0.109	0.145	1.002	0.914	1.385
Glyma.01G245500	3.536	3.927	3.376	17.990	17.715	17.333
Glyma.02G000500	0.760	0.603	0.587	2.087	2.058	2.821
Glyma.02G000700	0.174	0.051	0.224	10.987	10.682	9.811
Glyma.02G001000	25.913	25.085	25.745	4.416	4.318	4.538
Glyma.02G001100	47.119	43.450	45.340	18.565	19.255	13.053
Glyma.02G002900	0.528	0.514	0.590	2.484	2.963	2.681
Glyma.02G003400	0.010	0.000	0.000	3.657	3.191	3.531
Glyma.02G003700	1.369	1.656	1.269	0.000	0.000	0.013
Glyma.02G003800	0.034	0.000	0.057	1.935	1.770	1.494
Glyma.02G005200	2.761	2.583	2.682	13.500	15.274	15.798
Glyma.02G005600	0.175	0.116	0.116	0.519	0.609	1.061
Glyma.02G006600	0.252	0.334	0.167	3.351	2.326	3.192
Glyma.02G006900	0.368	0.158	0.219	1.637	1.205	1.114
Glyma.02G008100	0.259	0.152	0.127	1.197	1.102	0.946
Glyma.02G010300	0.905	0.810	1.050	9.590	10.144	10.436
Glyma.02G010400	0.589	0.467	0.650	3.844	4.859	3.211
Glyma.02G010800	0.000	0.000	0.000	1.860	0.647	1.139
Glyma.02G013200	1.238	1.348	0.882	0.445	0.283	0.212
Glyma.02G013500	0.071	0.139	0.116	1.082	1.069	1.372
Glyma.02G013700	0.851	1.041	0.889	5.784	4.932	5.309
Glyma.02G013900	0.293	0.194	0.388	4.175	4.422	3.774
Glyma.02G015100	1.929	1.634	1.619	5.499	5.707	8.616
Glyma.02G015500	0.030	0.048	0.020	1.237	1.216	1.945
Glyma.02G016500	0.011	0.015	0.025	3.752	4.153	4.587
Glyma.02G017100	19.764	19.730	18.275	1.222	1.629	1.581
Glyma.02G017200	0.890	1.608	1.054	3.930	4.535	6.314
Glyma.02G017800	17.565	16.275	16.307	63.391	55.307	50.207
Glyma.02G018700	2.701	2.243	2.181	1.192	0.674	0.715
Glyma.02G019200	82.408	70.359	75.776	19.235	20.080	12.969
Glyma.02G019300	0.328	0.254	0.256	2.115	1.724	2.208
Glyma.02G019600	114.416	120.657	114.824	47.657	49.107	48.010
Glyma.02G020000	3.534	4.158	3.654	1.499	1.736	1.700
Glyma.02G022200	13.859	14.242	13.020	3.185	2.767	2.281
Glyma.02G022300	6.842	7.702	6.489	2.019	1.735	2.482
Glyma.02G022500	0.541	0.316	0.425	2.055	1.999	2.459
Glyma.02G022700	0.099	0.190	0.182	2.551	2.429	2.120
Glyma.02G023400	20.218	21.157	18.149	6.003	5.864	5.295
Glyma.02G024900	0.145	0.057	0.016	1.310	1.138	1.096
Glyma.02G025500	0.164	0.152	0.217	1.409	1.182	1.389
Glyma.02G026300	37.866	35.584	38.223	1.372	1.865	1.688
Glyma.02G027400	0.367	0.273	0.127	1.566	1.568	1.078
Glyma.02G028000	0.000	0.000	0.018	8.810	9.376	9.576
Glyma.02G029900	0.344	0.420	0.336	1.570	1.654	1.703
Glyma.02G030200	1.930	1.730	1.909	8.104	9.364	9.371
Glyma.02G031300	1.634	1.191	1.559	9.333	10.146	10.200
Glyma.02G032300	0.487	0.483	0.305	4.236	4.965	4.476
Glyma.02G033400	0.130	0.172	0.287	3.180	3.350	3.509
Glyma.02G033600	2.743	2.477	2.821	0.977	0.959	0.958
Glyma.02G035000	29.403	27.883	28.221	3.880	4.194	5.848
Glyma.02G035400	0.061	0.040	0.268	1.759	2.273	1.151
Glyma.02G036100	3.730	3.952	3.587	1.708	1.310	2.109
Glyma.02G037000	0.885	0.618	0.706	5.584	5.994	5.812
Glyma.02G038100	231.220	238.816	235.549	54.928	59.002	62.733
Glyma.02G038601	2.053	1.726	2.205	0.412	0.394	0.294
Glyma.02G038800	11.930	11.716	12.578	5.177	4.565	5.363
Glyma.02G039000	2.761	2.842	2.588	1.247	1.375	1.195
Glyma.02G039700	20.622	19.929	20.443	158.960	160.784	102.939
Glyma.02G039900	0.101	0.213	0.151	2.306	2.150	3.382
Glyma.02G040000	0.603	0.762	0.817	2.279	2.476	3.075
Glyma.02G040100	0.059	0.039	0.146	1.025	0.928	0.579
Glyma.02G041500	2.982	2.977	3.090	0.668	0.623	1.035
Glyma.02G042100	7.461	6.798	7.014	3.221	4.108	3.099
Glyma.02G042500	2.022	1.871	1.974	0.304	0.574	0.343
Glyma.02G043200	0.029	0.078	0.032	1.048	0.892	1.003
Glyma.02G043900	0.284	0.309	0.146	1.266	1.572	1.077
Glyma.02G044300	0.199	0.329	0.164	2.137	2.529	2.896
Glyma.02G045100	9.414	10.486	10.773	0.492	0.306	0.215
Glyma.02G045600	0.092	0.091	0.228	1.194	1.008	1.498
Glyma.02G046200	0.012	0.048	0.054	2.351	2.012	2.437
Glyma.02G046600	3.650	4.234	3.478	1.034	0.996	1.237
Glyma.02G046800	0.588	0.770	0.758	4.687	5.051	5.509
Glyma.02G047000	8.111	8.354	7.588	2.845	3.287	4.606
Glyma.02G047600	438.732	457.284	439.607	166.638	173.656	192.378
Glyma.02G048400	4.019	4.756	3.660	24.755	30.252	24.763
Glyma.02G048600	0.090	0.000	0.083	1.445	1.720	0.885
Glyma.02G048700	0.127	0.024	0.120	7.924	7.329	5.156
Glyma.02G051300	0.000	0.063	0.018	1.204	1.519	1.230
Glyma.02G051700	0.598	0.607	0.697	8.706	7.960	8.294
Glyma.02G053900	1.014	1.434	1.044	0.020	0.035	0.021
Glyma.02G054200	0.230	0.304	0.217	1.071	0.867	1.342
Glyma.02G055500	1.565	1.627	1.789	0.633	0.667	0.889
Glyma.02G055600	1.209	1.422	1.112	0.598	0.390	0.611
Glyma.02G055900	2.230	2.320	2.387	0.845	0.705	1.069
Glyma.02G057400	9.508	10.012	9.970	3.886	3.949	3.502
Glyma.02G058200	0.574	0.480	0.734	2.917	2.379	2.428
Glyma.02G059500	3.406	3.817	4.572	1.057	1.133	1.007
Glyma.02G060900	0.000	0.000	0.000	1.304	1.416	1.188
Glyma.02G065901	0.000	0.000	0.000	0.854	0.928	1.962
Glyma.02G068900	0.035	0.116	0.000	3.789	3.338	3.361
Glyma.02G069200	4.089	3.634	4.708	0.520	0.226	0.885
Glyma.02G069400	1.267	1.150	1.655	0.443	0.505	0.593
Glyma.02G069500	18.385	18.509	18.488	3.203	5.233	9.157
Glyma.02G069700	0.018	0.048	0.020	1.447	1.327	1.587
Glyma.02G069900	2.068	2.259	2.171	7.886	7.990	8.839
Glyma.02G070900	1.129	1.277	0.980	0.358	0.448	0.541
Glyma.02G071500	0.124	0.041	0.137	3.469	3.601	3.040
Glyma.02G071700	0.070	0.053	0.022	1.228	1.105	1.253
Glyma.02G071800	1.039	1.100	1.147	8.510	9.539	10.577
Glyma.02G072200	14.856	13.849	14.801	4.285	4.323	5.656
Glyma.02G072400	0.766	1.077	1.215	5.541	6.852	6.963
Glyma.02G073600	12.036	12.509	13.072	3.388	4.393	3.675
Glyma.02G074600	0.095	0.176	0.188	0.873	0.905	1.207
Glyma.02G076100	0.467	0.631	0.382	1.929	1.544	1.969
Glyma.02G078500	69.044	70.037	64.467	19.884	20.362	22.052
Glyma.02G078600	11.124	10.624	12.031	3.925	3.752	4.293
Glyma.02G079400	15.475	16.852	14.737	5.858	8.271	8.597
Glyma.02G080200	0.504	0.406	0.317	1.909	1.404	1.154
Glyma.02G080700	0.065	0.031	0.071	1.607	0.994	1.471
Glyma.02G080800	0.123	0.000	0.272	9.754	11.936	12.495
Glyma.02G082100	0.370	0.385	0.338	6.252	5.013	4.574
Glyma.02G082500	2.923	2.954	2.573	0.410	0.382	0.120
Glyma.02G082800	12.762	12.086	12.882	2.526	1.803	2.349
Glyma.02G083500	1.784	1.490	1.728	14.833	11.827	6.407
Glyma.02G085800	0.910	1.237	0.963	4.311	4.325	3.381
Glyma.02G086000	20.925	19.890	19.721	7.005	6.862	8.187
Glyma.02G086600	0.686	0.745	0.634	5.980	6.503	6.140
Glyma.02G087300	0.000	0.000	0.256	0.861	0.598	1.757
Glyma.02G087400	13.903	12.557	12.779	2.920	2.616	2.286
Glyma.02G088900	167.220	160.299	162.753	71.933	66.126	76.946
Glyma.02G089100	8.578	9.634	8.489	2.577	2.834	3.272
Glyma.02G089500	2.458	2.229	3.123	0.100	0.087	0.000
Glyma.02G092000	0.621	0.357	0.417	1.924	2.543	2.742
Glyma.02G092700	0.602	0.537	0.752	2.818	3.226	2.699
Glyma.02G092900	0.385	0.556	0.270	1.974	1.760	2.440
Glyma.02G093100	0.064	0.051	0.014	3.939	3.440	4.099
Glyma.02G093200	22.664	22.005	22.325	6.349	6.241	6.019
Glyma.02G094500	1.171	1.434	1.519	0.174	0.340	0.488
Glyma.02G095500	5.190	5.349	5.356	1.482	1.458	1.171
Glyma.02G097000	8.180	8.396	8.984	3.281	4.369	3.480
Glyma.02G097400	0.314	0.338	0.353	8.466	8.540	8.590
Glyma.02G098000	1.295	0.840	1.113	6.339	5.894	4.660
Glyma.02G098700	16.666	16.879	15.128	5.692	5.670	6.905
Glyma.02G099200	2.010	1.711	1.518	0.640	0.741	1.104
Glyma.02G099900	1.287	1.277	1.509	10.007	11.877	7.820
Glyma.02G100000	21.931	22.848	21.510	4.724	5.035	5.569
Glyma.02G101100	37.182	39.293	38.286	13.067	11.461	13.699
Glyma.02G103500	56.413	57.167	57.465	20.758	20.877	22.062
Glyma.02G103700	1.044	1.062	0.973	3.426	3.228	4.682
Glyma.02G104500	6.970	6.517	6.617	1.966	2.036	2.332
Glyma.02G104900	29.414	28.629	28.718	8.084	8.880	9.195
Glyma.02G105400	0.854	1.202	1.203	8.521	8.623	6.938
Glyma.02G106300	0.034	0.056	0.019	2.819	2.753	2.534
Glyma.02G106600	0.167	0.140	0.150	2.765	2.813	3.466
Glyma.02G106800	0.597	0.548	0.787	2.703	2.448	2.833
Glyma.02G108600	3.306	3.289	3.131	0.446	0.439	0.501
Glyma.02G109100	2.260	2.707	2.477	31.340	30.425	23.022
Glyma.02G109200	0.737	0.511	0.777	2.476	2.181	2.528
Glyma.02G109800	2.986	2.726	2.444	1.223	1.063	0.936
Glyma.02G111800	1.916	1.846	1.894	7.533	6.846	7.752
Glyma.02G112000	1.720	1.779	1.680	5.399	5.686	7.070
Glyma.02G112100	1.435	1.345	1.611	6.497	6.602	6.361
Glyma.02G112900	0.824	1.319	1.016	7.767	9.667	10.428
Glyma.02G115200	5.812	5.511	5.523	1.900	2.353	2.185
Glyma.02G115600	0.497	0.462	0.393	1.828	1.656	2.215
Glyma.02G116200	0.702	1.152	0.792	3.489	3.367	3.678
Glyma.02G116300	16.382	16.391	16.977	3.402	3.424	4.218
Glyma.02G116400	2.870	2.287	2.460	0.848	1.124	1.017
Glyma.02G118500	1.230	1.247	1.091	0.222	0.252	0.314
Glyma.02G119300	2.944	3.037	2.596	10.756	11.813	11.358
Glyma.02G119600	10.185	9.050	9.366	2.346	2.111	2.138
Glyma.02G120300	0.325	0.323	0.205	5.878	5.273	5.825
Glyma.02G121300	5.330	5.616	6.450	1.226	1.200	1.330
Glyma.02G121400	5.397	5.738	5.135	0.356	0.261	0.211
Glyma.02G121500	1.195	1.186	1.164	0.052	0.091	0.240
Glyma.02G122700	4.444	4.505	4.241	1.885	1.786	2.351
Glyma.02G123000	1.235	1.517	1.502	0.542	0.455	0.458
Glyma.02G124700	0.883	1.033	1.102	0.285	0.198	0.271
Glyma.02G126300	1.889	2.018	2.181	20.858	21.489	23.896
Glyma.02G126500	7.536	6.317	8.104	2.362	2.808	3.173
Glyma.02G126800	2.493	1.500	1.905	0.569	0.607	0.713
Glyma.02G127800	3.660	4.150	3.720	0.902	0.935	1.099
Glyma.02G128000	43.161	43.031	41.056	13.511	14.290	17.482
Glyma.02G128100	91.096	87.996	88.230	26.991	27.242	39.961
Glyma.02G128700	0.147	0.123	0.137	1.806	1.130	1.198
Glyma.02G129200	7.406	7.340	7.479	2.214	2.875	3.404
Glyma.02G129300	4.848	4.658	4.643	1.984	1.426	1.177
Glyma.02G130400	2.815	3.324	2.596	0.784	1.176	0.873
Glyma.02G130500	17.174	18.034	15.082	3.140	3.053	5.760
Glyma.02G131600	0.025	0.033	0.055	2.262	2.413	2.216
Glyma.02G131700	8.975	8.732	8.965	3.774	3.250	3.303
Glyma.02G132200	2.489	2.284	2.027	0.878	0.747	1.121
Glyma.02G133000	1.283	0.750	1.285	4.828	5.043	4.477
Glyma.02G133700	0.000	0.053	0.044	1.278	2.015	1.821
Glyma.02G133800	50.752	48.750	50.863	20.928	22.604	19.870
Glyma.02G134000	2.156	1.919	1.762	0.524	0.676	0.646
Glyma.02G134200	4.305	4.425	4.285	1.864	1.199	1.532
Glyma.02G134500	1.394	1.223	1.360	0.241	0.376	0.540
Glyma.02G135700	0.005	0.014	0.018	0.681	0.616	1.017
Glyma.02G136100	1.789	1.594	1.785	0.536	0.843	0.469
Glyma.02G136200	9.086	8.650	9.527	3.179	3.961	4.057
Glyma.02G136700	0.647	0.955	1.062	14.827	16.559	18.277
Glyma.02G138600	1.761	1.967	1.640	42.317	49.584	46.539
Glyma.02G141600	0.740	0.936	0.737	5.975	5.738	6.631
Glyma.02G142300	0.168	0.134	0.297	1.382	1.678	1.411
Glyma.02G143200	0.147	0.272	0.194	31.724	32.294	26.569
Glyma.02G143300	37.825	36.431	35.909	2.252	2.000	2.830
Glyma.02G143400	0.570	0.355	0.334	1.896	2.038	1.504
Glyma.02G143500	0.539	0.713	0.324	2.653	2.368	2.968
Glyma.02G143700	60.106	60.193	59.686	28.553	31.928	25.507
Glyma.02G145100	40.666	42.137	41.144	6.865	7.007	6.620
Glyma.02G145400	1.049	0.992	1.076	3.560	4.737	4.543
Glyma.02G145700	0.162	0.230	0.128	0.911	1.060	1.053
Glyma.02G146300	1.374	1.225	0.960	0.541	0.289	0.595
Glyma.02G146700	0.410	0.221	0.343	1.666	1.849	2.034
Glyma.02G147100	0.064	0.106	0.071	2.531	2.801	2.072
Glyma.02G147200	0.977	1.009	0.901	6.422	6.134	7.809
Glyma.02G148300	0.000	0.020	0.016	0.899	1.143	1.074
Glyma.02G149700	37.396	37.057	37.470	10.152	11.428	12.471
Glyma.02G149800	17.128	17.139	16.682	5.557	6.386	6.449
Glyma.02G151800	0.103	0.168	0.097	1.215	1.159	1.084
Glyma.02G152000	0.164	0.180	0.191	0.985	0.856	1.129
Glyma.02G152500	0.280	0.111	0.340	2.035	2.093	1.654
Glyma.02G153000	19.261	19.735	20.312	4.216	4.778	6.550
Glyma.02G153200	3.644	2.388	4.103	1.071	1.675	1.914
Glyma.02G153500	2.675	2.685	2.943	0.660	0.673	0.790
Glyma.02G154500	14.899	16.140	14.140	5.248	4.002	6.342
Glyma.02G155500	2.238	2.963	2.762	0.586	0.679	0.998
Glyma.02G157700	0.031	0.041	0.034	1.279	1.309	1.816
Glyma.02G157800	5.448	6.103	5.985	2.072	1.220	1.883
Glyma.02G157900	1.329	1.239	1.364	0.306	0.193	0.397
Glyma.02G159800	0.432	0.762	1.112	0.000	0.186	0.000
Glyma.02G160500	122.659	125.023	118.125	31.296	30.547	36.214
Glyma.02G160550	12.769	10.874	11.239	2.519	3.456	5.278
Glyma.02G160600	0.630	1.390	0.464	0.156	0.135	0.000
Glyma.02G164100	0.236	0.247	0.233	0.942	0.995	1.357
Glyma.02G164148	8.973	7.745	8.360	59.303	69.957	66.842
Glyma.02G164400	29.891	31.722	30.214	4.658	4.812	5.183
Glyma.02G168000	35.505	32.192	34.076	12.035	12.204	18.149
Glyma.02G169000	0.046	0.101	0.118	1.024	1.068	0.627
Glyma.02G170500	3.602	3.485	3.322	1.564	1.296	1.890
Glyma.02G171100	3.159	2.946	2.824	1.671	1.271	1.221
Glyma.02G175500	0.060	0.013	0.033	3.053	2.341	2.368
Glyma.02G178400	0.000	0.065	0.027	1.268	1.259	1.110
Glyma.02G180200	11.850	14.117	14.101	2.736	3.737	1.397
Glyma.02G180500	0.000	0.000	0.129	1.157	1.307	1.063
Glyma.02G182800	33.685	34.763	33.559	9.647	11.239	9.917
Glyma.02G184300	0.140	0.128	0.107	0.760	0.997	1.157
Glyma.02G184700	1.011	0.799	0.638	13.079	15.057	12.855
Glyma.02G186800	0.106	0.026	0.085	3.584	4.398	3.513
Glyma.02G187300	2.612	1.529	2.218	0.112	0.680	0.228
Glyma.02G188300	32.958	33.170	33.836	12.182	12.012	13.345
Glyma.02G192300	4.019	3.985	4.147	1.562	1.593	2.005
Glyma.02G193700	13.446	13.155	13.785	6.040	6.436	6.008
Glyma.02G195000	2.747	2.623	2.631	0.433	0.612	0.626
Glyma.02G197800	1.022	0.615	0.693	4.484	3.327	2.571
Glyma.02G198200	1.415	1.347	1.411	5.895	4.930	4.871
Glyma.02G199300	0.057	0.050	0.063	0.874	1.642	1.267
Glyma.02G200500	0.216	0.245	0.187	1.852	1.967	1.284
Glyma.02G200600	2.386	2.600	2.644	1.098	1.221	1.223
Glyma.02G200700	5.576	5.900	6.121	1.679	1.773	2.219
Glyma.02G201600	1.024	1.445	1.057	4.711	4.548	5.293
Glyma.02G202500	136.243	145.338	141.083	14.750	14.232	12.662
Glyma.02G202900	40.713	37.454	39.000	6.367	5.809	4.254
Glyma.02G203300	58.063	55.434	55.992	8.009	9.201	8.560
Glyma.02G203600	0.047	0.097	0.074	1.769	1.589	1.927
Glyma.02G203900	0.591	0.557	0.562	2.118	2.042	2.635
Glyma.02G204700	5.955	5.332	5.633	1.716	1.416	1.557
Glyma.02G207251	2.877	3.047	2.859	0.320	0.371	0.545
Glyma.02G207900	0.643	0.539	0.544	3.119	3.761	3.964
Glyma.02G208200	0.377	0.184	0.329	3.569	3.152	3.312
Glyma.02G209000	1.277	1.691	1.323	15.262	17.350	18.091
Glyma.02G209100	0.233	0.309	0.183	2.123	1.568	2.536
Glyma.02G209800	0.733	0.582	1.456	0.326	0.000	0.111
Glyma.02G210800	4.099	4.146	4.190	0.585	0.716	0.678
Glyma.02G211600	8.267	8.679	7.711	2.222	2.666	2.646
Glyma.02G211800	5.771	5.187	5.603	2.397	2.272	2.975
Glyma.02G211900	0.125	0.044	0.092	3.063	2.608	1.823
Glyma.02G212100	7.931	8.380	7.809	1.515	1.137	1.652
Glyma.02G212500	21.833	23.119	21.134	7.613	8.023	7.811
Glyma.02G213700	3.640	3.357	3.485	1.101	1.046	1.909
Glyma.02G214400	11.061	10.556	11.870	1.150	1.218	1.666
Glyma.02G215000	0.030	0.039	0.088	1.358	1.218	1.944
Glyma.02G215700	222.003	205.740	219.553	33.842	36.948	27.113
Glyma.02G217000	1.630	1.726	1.979	1.210	0.350	0.247
Glyma.02G217500	0.024	0.078	0.052	1.072	1.618	0.915
Glyma.02G218100	1.342	1.221	1.310	5.016	5.750	6.320
Glyma.02G218200	0.877	1.073	1.169	0.226	0.258	0.217
Glyma.02G218400	0.825	0.865	1.122	0.015	0.000	0.000
Glyma.02G218600	1.317	1.188	1.312	0.685	0.562	0.622
Glyma.02G220500	6.036	6.438	6.303	1.790	1.520	1.931
Glyma.02G221600	1.443	1.552	1.084	0.640	0.685	0.471
Glyma.02G222200	4.627	5.064	4.578	1.412	1.460	1.867
Glyma.02G222600	0.016	0.041	0.034	1.112	0.604	0.426
Glyma.02G222800	0.129	0.686	2.001	0.000	0.334	0.000
Glyma.02G223300	7.620	8.394	8.472	41.626	39.743	38.076
Glyma.02G223700	1.059	0.665	0.837	8.971	8.808	9.947
Glyma.02G224100	1.187	1.265	1.456	41.545	46.944	42.066
Glyma.02G226200	4.027	4.390	4.396	1.239	1.164	1.214
Glyma.02G226300	3.096	3.193	3.361	1.645	1.149	1.710
Glyma.02G226500	2.054	1.942	2.380	8.029	8.079	8.854
Glyma.02G226600	2.268	2.057	1.885	1.080	0.993	0.785
Glyma.02G228100	93.434	93.798	96.097	4.279	3.942	3.998
Glyma.02G228400	0.162	0.182	0.116	1.958	1.978	2.208
Glyma.02G229300	0.373	0.521	0.274	1.968	1.871	2.009
Glyma.02G230500	0.328	0.594	0.591	4.792	5.411	4.526
Glyma.02G230800	0.044	0.290	0.048	14.261	15.187	14.958
Glyma.02G231000	0.191	0.189	0.171	1.008	1.076	1.029
Glyma.02G231100	9.666	10.030	9.873	2.371	2.061	3.083
Glyma.02G233300	0.058	0.089	0.095	13.095	12.481	14.082
Glyma.02G233500	0.388	0.225	0.292	1.446	1.550	1.448
Glyma.02G235100	12.063	12.008	11.749	2.439	1.661	1.988
Glyma.02G235700	7.867	8.248	7.883	0.472	0.498	0.413
Glyma.02G236900	43.140	39.551	41.540	17.190	19.084	21.868
Glyma.02G237000	0.141	0.222	0.195	3.748	4.111	4.268
Glyma.02G237100	5.377	5.274	5.054	2.689	2.220	2.071
Glyma.02G238600	4.069	4.137	3.682	0.965	0.514	1.303
Glyma.02G240900	0.277	0.294	0.184	2.444	2.959	1.934
Glyma.02G241000	1.725	1.822	1.582	0.112	0.097	0.157
Glyma.02G241200	8.285	9.420	9.210	45.261	41.969	44.420
Glyma.02G243600	7.768	7.432	7.020	3.920	2.910	2.817
Glyma.02G243700	0.320	0.261	0.095	0.694	0.842	1.008
Glyma.02G243800	0.743	0.768	0.424	2.922	2.792	3.702
Glyma.02G244300	7.103	8.232	7.698	1.506	1.013	1.736
Glyma.02G244600	5.434	6.824	6.019	1.810	1.303	1.505
Glyma.02G244700	0.112	0.054	0.078	1.657	1.531	1.384
Glyma.02G245000	0.910	0.959	0.986	17.161	15.195	17.775
Glyma.02G245100	1.573	1.334	2.063	23.028	20.264	20.604
Glyma.02G245300	17.088	16.943	17.761	8.221	7.408	8.687
Glyma.02G245600	5.715	5.422	4.312	0.094	0.205	0.289
Glyma.02G247000	0.382	0.397	0.346	1.630	1.742	1.964
Glyma.02G248500	0.197	0.366	0.479	1.260	1.858	1.047
Glyma.02G249600	457.084	455.886	464.033	87.238	86.344	80.978
Glyma.02G250300	0.258	0.189	0.295	1.501	1.108	1.084
Glyma.02G250700	14.942	14.696	14.310	0.155	0.122	0.072
Glyma.02G251400	0.832	1.060	1.114	4.817	4.561	5.012
Glyma.02G252200	0.070	0.058	0.067	2.951	3.363	3.687
Glyma.02G252500	3.815	4.143	2.781	0.545	0.946	0.852
Glyma.02G252600	0.000	0.014	0.000	0.913	0.912	1.134
Glyma.02G252700	0.857	1.013	1.022	7.191	7.192	6.389
Glyma.02G253000	0.000	0.000	0.000	0.711	1.030	1.210
Glyma.02G253150	0.000	0.000	0.000	0.183	0.000	1.495
Glyma.02G254200	2.490	1.988	2.327	0.861	0.799	1.318
Glyma.02G254900	0.196	0.260	0.195	0.874	1.165	0.744
Glyma.02G255200	0.136	0.261	0.249	4.495	4.851	5.144
Glyma.02G255800	0.163	0.166	0.180	0.949	1.002	0.779
Glyma.02G256000	6.965	7.183	7.098	35.871	38.156	42.949
Glyma.02G257700	11.062	11.397	11.438	2.929	3.432	3.240
Glyma.02G258100	0.396	0.510	0.434	1.474	1.461	1.722
Glyma.02G259800	0.055	0.000	0.000	7.661	9.738	13.812
Glyma.02G260800	4.570	4.668	4.494	17.604	21.590	23.072
Glyma.02G263600	1.663	1.593	2.344	6.883	7.601	5.525
Glyma.02G263900	7.897	7.822	7.631	2.618	2.668	2.958
Glyma.02G264050	0.000	0.000	0.000	1.647	1.718	0.336
Glyma.02G264500	1.073	0.692	1.033	0.245	0.177	0.209
Glyma.02G266000	0.098	0.087	0.109	3.552	3.911	4.620
Glyma.02G266200	1.497	1.244	1.090	8.277	7.788	8.064
Glyma.02G266600	0.646	0.509	0.887	19.814	18.998	16.840
Glyma.02G266700	0.045	0.080	0.050	2.948	4.677	4.652
Glyma.02G267800	9.411	9.032	8.999	0.689	0.709	1.005
Glyma.02G267900	3.904	3.856	3.385	1.472	1.417	1.641
Glyma.02G268000	475.196	480.253	472.875	100.117	102.158	88.951
Glyma.02G268300	0.023	0.010	0.033	1.069	0.987	0.841
Glyma.02G269400	0.085	0.129	0.054	6.814	6.833	4.835
Glyma.02G269700	36.406	37.241	37.428	7.398	7.078	8.052
Glyma.02G271300	0.909	0.834	0.835	3.802	4.212	4.737
Glyma.02G271400	33.220	32.066	34.007	13.151	17.449	14.252
Glyma.02G272600	0.000	0.000	0.047	2.229	1.773	2.500
Glyma.02G274100	1.381	1.790	1.605	16.683	16.185	16.526
Glyma.02G274200	2.158	1.684	1.781	6.744	7.443	6.300
Glyma.02G274500	0.017	0.069	0.070	1.207	0.900	1.407
Glyma.02G275000	0.295	0.412	0.271	1.652	2.470	2.381
Glyma.02G275500	1.376	1.594	1.348	4.392	6.124	5.005
Glyma.02G275900	23.971	24.000	23.299	7.436	8.039	10.990
Glyma.02G276100	3.291	3.205	2.548	0.955	0.634	0.573
Glyma.02G277600	0.012	0.049	0.027	3.048	3.371	3.262
Glyma.02G277900	1.736	1.961	2.000	0.489	0.541	0.862
Glyma.02G278300	7.615	7.543	6.986	2.065	2.012	1.921
Glyma.02G279000	0.667	0.692	0.637	7.091	6.836	6.993
Glyma.02G279700	0.372	0.547	0.776	1.718	2.559	4.196
Glyma.02G281100	0.097	0.094	0.086	1.108	1.122	1.298
Glyma.02G282100	6.246	6.017	6.192	1.217	1.215	1.841
Glyma.02G282300	182.936	187.710	188.692	4.522	4.912	5.310
Glyma.02G283300	5.908	5.839	4.999	2.095	1.690	2.080
Glyma.02G283400	33.087	31.566	33.228	2.373	2.251	1.645
Glyma.02G283500	0.524	0.658	0.578	29.990	31.553	31.270
Glyma.02G283700	0.458	0.448	0.307	1.167	1.501	1.975
Glyma.02G283900	0.166	0.165	0.138	0.864	0.885	1.229
Glyma.02G284500	0.566	0.583	0.764	3.665	3.530	4.838
Glyma.02G285100	14.590	15.677	14.121	0.612	0.866	0.925
Glyma.02G285366	1.002	1.161	0.415	0.000	0.162	0.000
Glyma.02G286000	0.023	0.060	0.025	2.843	2.861	2.788
Glyma.02G286200	0.148	0.098	0.327	5.327	3.054	3.925
Glyma.02G286600	0.243	0.464	0.313	3.142	3.478	4.004
Glyma.02G286900	0.000	0.000	0.000	2.684	1.639	2.147
Glyma.02G287500	1.743	1.896	1.611	0.562	0.540	0.696
Glyma.02G288700	0.446	0.326	0.648	30.799	31.531	30.555
Glyma.02G290000	0.972	1.181	1.103	0.435	0.395	0.484
Glyma.02G290700	0.256	0.201	0.371	1.709	1.475	1.708
Glyma.02G290800	70.850	66.729	67.514	35.759	34.185	29.654
Glyma.02G290900	1.818	1.291	1.186	0.294	0.128	0.225
Glyma.02G291500	22.495	23.894	20.314	6.150	6.001	4.139
Glyma.02G292100	0.682	1.015	1.035	0.063	0.000	0.000
Glyma.02G292202	0.476	0.408	0.483	2.271	2.205	2.883
Glyma.02G292400	0.079	0.104	0.116	7.852	7.060	7.779
Glyma.02G292700	1.512	0.900	1.085	0.337	0.358	0.153
Glyma.02G292800	266.720	266.344	264.818	29.442	29.399	31.451
Glyma.02G294100	5.134	4.968	4.253	1.510	1.120	1.717
Glyma.02G295000	0.330	0.130	0.203	0.890	1.168	0.798
Glyma.02G295100	1.212	0.810	1.054	13.619	13.343	14.977
Glyma.02G296000	0.547	0.475	0.688	2.269	2.726	2.574
Glyma.02G296200	0.308	0.331	0.241	0.923	1.109	1.225
Glyma.02G296800	0.057	0.053	0.051	2.167	2.216	2.586
Glyma.02G298500	1.933	2.060	2.229	0.466	0.284	0.428
Glyma.02G299100	1.155	1.297	1.453	38.200	37.645	29.405
Glyma.02G301200	25.601	25.812	26.425	2.599	2.962	2.470
Glyma.02G302700	0.325	0.430	0.273	1.273	1.307	1.457
Glyma.02G302800	0.075	0.031	0.045	1.079	0.938	1.242
Glyma.02G303000	35.581	35.886	38.631	12.343	13.019	11.277
Glyma.02G303300	2.107	2.238	1.950	12.043	12.163	13.280
Glyma.02G303500	16.438	17.152	15.077	7.296	7.402	8.732
Glyma.02G306800	0.033	0.000	0.000	0.993	1.403	0.811
Glyma.02G307100	1.203	1.443	0.996	4.855	5.237	4.102
Glyma.02G307700	2.065	2.091	2.121	30.705	32.101	25.144
Glyma.02G308100	3.358	3.043	2.464	12.714	14.101	12.332
Glyma.02G308300	0.124	0.000	0.275	4.432	4.226	2.577
Glyma.02G309100	0.029	0.051	0.128	1.237	1.262	1.615
Glyma.02G309800	14.735	13.805	15.890	4.163	2.990	3.166
Glyma.02G309900	12.528	11.834	12.256	5.105	4.997	4.995
Glyma.03G000800	0.425	0.410	0.384	1.493	1.522	1.641
Glyma.03G001000	0.304	0.280	0.321	1.610	1.791	2.345
Glyma.03G001700	0.012	0.000	0.000	1.640	1.380	1.247
Glyma.03G002900	0.933	1.265	1.179	4.909	4.690	4.390
Glyma.03G005400	0.713	0.641	0.591	3.800	4.107	3.494
Glyma.03G005600	67.040	69.027	66.894	32.276	35.207	29.418
Glyma.03G005650	2.624	1.251	1.623	0.312	0.542	0.318
Glyma.03G005700	1.425	1.415	1.601	0.219	0.364	0.372
Glyma.03G006700	0.645	0.607	0.507	3.534	3.571	3.999
Glyma.03G007400	8.366	9.683	8.554	2.753	2.924	4.997
Glyma.03G008100	0.007	0.000	0.000	3.415	3.565	3.195
Glyma.03G009100	0.572	0.640	0.549	2.142	2.213	1.774
Glyma.03G011200	0.450	0.330	0.497	5.123	4.784	4.950
Glyma.03G012600	3.435	3.767	3.864	2.031	1.608	1.821
Glyma.03G014250	1.942	2.571	2.144	0.360	0.000	1.472
Glyma.03G017500	4.638	4.615	3.850	0.144	0.042	0.123
Glyma.03G018800	3.982	3.502	3.603	1.046	0.835	0.828
Glyma.03G019000	0.009	0.000	0.000	2.670	2.199	1.977
Glyma.03G019500	4.394	4.639	4.572	1.527	1.721	2.088
Glyma.03G021300	0.135	0.067	0.075	1.180	1.156	1.461
Glyma.03G021700	0.115	0.178	0.127	1.027	0.967	1.398
Glyma.03G025600	3.127	3.110	2.976	0.539	0.423	0.340
Glyma.03G026700	0.897	1.188	1.111	17.168	14.171	11.724
Glyma.03G028000	31.859	29.696	29.633	164.011	177.559	210.555
Glyma.03G029800	0.263	0.323	0.373	1.812	2.544	1.822
Glyma.03G030267	1.874	1.674	1.446	0.201	0.787	0.821
Glyma.03G030333	0.885	1.041	1.230	0.341	0.550	0.447
Glyma.03G030400	42.182	39.929	39.187	0.942	1.040	1.322
Glyma.03G032200	8.003	8.939	8.233	2.837	3.707	3.550
Glyma.03G035300	1.001	1.205	0.928	0.357	0.465	0.318
Glyma.03G035600	0.000	0.000	0.000	0.869	0.944	1.065
Glyma.03G037600	0.000	0.000	0.000	1.063	1.023	1.473
Glyma.03G041300	0.040	0.000	0.000	0.989	1.016	0.612
Glyma.03G044100	0.050	0.067	0.000	1.423	0.195	0.765
Glyma.03G044200	0.762	0.430	0.606	2.346	2.935	3.432
Glyma.03G048600	4.930	3.852	5.868	0.536	0.434	2.187
Glyma.03G050500	0.093	0.049	0.000	1.158	1.174	1.266
Glyma.03G054900	1.001	0.822	0.870	0.436	0.344	0.506
Glyma.03G055900	1.320	1.393	1.504	6.117	6.200	6.502
Glyma.03G056700	50.680	54.624	52.590	26.874	26.326	25.568
Glyma.03G057100	91.760	90.633	88.811	37.812	39.595	29.780
Glyma.03G058300	0.370	0.390	0.388	2.058	2.266	2.576
Glyma.03G060100	13.831	11.650	12.748	4.548	5.071	6.951
Glyma.03G062800	3.042	3.019	3.115	0.160	0.093	0.133
Glyma.03G063000	2.059	1.627	1.789	0.137	0.178	0.314
Glyma.03G065100	0.380	0.593	0.630	2.399	2.260	3.005
Glyma.03G068200	5.521	3.704	3.567	27.156	34.264	29.807
Glyma.03G068100	9.979	9.505	10.085	0.725	0.722	0.596
Glyma.03G067200	3.460	3.391	3.124	0.568	1.060	1.275
Glyma.03G066800	60.799	61.526	60.062	18.598	18.985	20.236
Glyma.03G070100	1.176	1.417	1.434	5.158	6.112	5.745
Glyma.03G070600	0.503	0.695	0.603	2.943	2.961	2.971
Glyma.03G071500	0.032	0.074	0.061	1.322	1.262	1.109
Glyma.03G072100	0.901	1.108	1.100	0.236	0.314	0.289
Glyma.03G073600	0.047	0.072	0.043	1.285	1.559	1.820
Glyma.03G073704	0.276	0.203	0.220	2.446	2.501	3.148
Glyma.03G073752	0.000	0.000	0.000	2.107	2.071	1.947
Glyma.03G073770	0.057	0.015	0.025	1.599	1.301	2.079
Glyma.03G074300	7.568	8.423	7.425	2.783	2.662	4.327
Glyma.03G074600	7.291	7.442	7.327	1.416	1.179	1.174
Glyma.03G074800	2.842	3.199	2.727	12.005	12.025	13.364
Glyma.03G077100	1.945	2.575	1.757	0.525	0.776	0.804
Glyma.03G077200	0.031	0.152	0.046	1.319	1.213	0.935
Glyma.03G078000	4.115	3.708	3.786	0.776	0.570	0.687
Glyma.03G078200	27.469	24.931	27.247	8.371	8.343	6.793
Glyma.03G078600	20.019	20.433	20.473	5.377	5.353	4.054
Glyma.03G081700	6.614	6.683	5.690	1.022	1.319	1.455
Glyma.03G082000	6.681	7.938	6.898	3.351	3.236	2.869
Glyma.03G082100	36.376	40.539	38.850	12.405	15.180	11.735
Glyma.03G083200	15.161	14.702	15.374	5.829	5.722	6.723
Glyma.03G085000	1.619	1.530	1.559	0.054	0.078	0.018
Glyma.03G088800	0.858	1.077	0.825	0.187	0.305	0.448
Glyma.03G089800	0.114	0.076	0.168	1.414	1.032	1.675
Glyma.03G092500	14.566	15.385	16.333	4.442	5.841	6.037
Glyma.03G094200	0.181	0.154	0.322	1.191	0.968	1.197
Glyma.03G097300	32.081	30.374	29.410	8.136	7.914	9.485
Glyma.03G098600	27.078	27.961	25.989	11.511	12.101	13.982
Glyma.03G098900	29.879	31.109	29.053	9.334	12.917	12.543
Glyma.03G101000	2.485	2.561	2.784	0.695	0.710	0.797
Glyma.03G101200	0.042	0.083	0.085	1.412	1.750	1.548
Glyma.03G101700	0.178	0.183	0.164	0.895	0.944	1.064
Glyma.03G103500	1.001	0.795	1.200	4.970	5.647	6.006
Glyma.03G104000	0.026	0.000	0.028	1.952	2.428	2.344
Glyma.03G104800	0.000	0.000	0.000	5.807	5.736	5.388
Glyma.03G105200	2.137	2.459	2.118	0.212	0.353	0.291
Glyma.03G105700	1.939	2.551	2.194	0.746	1.081	1.052
Glyma.03G107900	9.914	9.168	8.877	1.694	2.383	1.276
Glyma.03G108000	3.138	2.954	3.036	0.528	0.584	0.686
Glyma.03G109300	0.057	0.141	0.070	1.282	1.379	1.555
Glyma.03G113700	0.000	0.030	0.025	1.527	1.241	1.491
Glyma.03G114300	0.000	0.000	0.000	1.082	0.545	0.508
Glyma.03G115066	2.658	0.541	0.903	0.303	0.264	0.000
Glyma.03G115132	5.080	6.011	6.259	1.930	1.704	1.509
Glyma.03G117500	1.026	1.303	1.469	7.203	6.063	4.602
Glyma.03G118000	0.924	0.907	0.921	4.203	3.575	3.884
Glyma.03G119500	187.717	186.016	183.262	77.400	84.452	90.416
Glyma.03G120200	6.493	6.380	6.437	0.910	1.132	1.054
Glyma.03G121300	7.812	8.575	8.182	1.831	1.604	1.869
Glyma.03G121350	2.589	1.973	1.559	0.233	0.000	0.000
Glyma.03G122000	29.922	28.896	30.045	14.052	13.251	12.149
Glyma.03G122200	8.637	8.383	8.521	0.916	0.955	1.122
Glyma.03G122300	51.335	49.505	51.315	19.916	22.011	21.443
Glyma.03G123600	0.118	0.087	0.189	3.772	3.176	3.193
Glyma.03G124300	0.035	0.064	0.069	1.673	1.472	2.393
Glyma.03G125000	5.186	7.071	6.140	2.504	2.418	2.793
Glyma.03G125200	0.037	0.082	0.014	1.145	1.027	1.244
Glyma.03G125400	1.825	2.052	2.388	0.798	0.887	1.080
Glyma.03G127200	2.346	2.453	2.145	0.599	0.405	0.510
Glyma.03G127800	4.634	3.464	4.574	1.457	1.477	1.611
Glyma.03G128300	74.557	75.257	77.249	32.928	32.455	32.781
Glyma.03G128900	24.715	27.225	25.783	2.586	3.072	3.520
Glyma.03G129500	0.526	1.090	0.909	3.157	3.186	2.773
Glyma.03G129600	0.157	0.081	0.098	7.051	6.436	6.422
Glyma.03G130200	3.137	2.099	2.683	0.716	1.579	1.254
Glyma.03G130300	48.932	52.920	50.607	1.238	1.588	1.534
Glyma.03G130900	0.661	0.568	0.579	4.108	3.491	3.998
Glyma.03G131300	0.129	0.000	0.572	2.114	2.338	2.355
Glyma.03G131600	4.516	4.252	3.881	0.495	1.016	1.194
Glyma.03G131700	0.594	0.847	0.706	33.410	32.657	30.092
Glyma.03G132900	12.217	11.728	12.046	0.216	0.167	0.220
Glyma.03G133300	1.078	0.573	1.026	0.000	0.055	0.000
Glyma.03G134100	0.048	0.042	0.000	1.184	0.947	0.919
Glyma.03G134300	0.422	0.526	0.603	1.807	1.346	2.787
Glyma.03G136500	1.200	1.276	1.159	4.151	3.621	4.481
Glyma.03G137000	74.896	77.872	75.985	22.226	23.342	24.812
Glyma.03G137300	0.229	0.342	0.396	1.483	1.410	1.737
Glyma.03G138200	4.304	4.079	4.394	1.826	1.881	1.937
Glyma.03G139500	0.018	0.024	0.040	0.856	0.791	1.666
Glyma.03G139900	4.412	3.860	3.798	1.443	1.511	2.115
Glyma.03G140400	0.444	1.028	1.470	4.942	6.442	7.569
Glyma.03G140700	0.012	0.008	0.000	1.368	1.496	1.757
Glyma.03G141200	2.803	2.396	2.679	8.595	8.903	9.276
Glyma.03G141600	0.692	0.667	0.829	7.524	6.028	5.196
Glyma.03G141800	0.043	0.057	0.000	4.791	5.867	4.366
Glyma.03G141900	3.490	3.519	4.311	13.136	19.667	17.881
Glyma.03G142500	2.197	2.106	2.100	7.641	7.340	7.706
Glyma.03G143700	3.026	2.731	2.708	0.851	0.932	1.147
Glyma.03G145500	4.782	5.246	5.057	1.556	1.537	1.197
Glyma.03G145900	1.493	1.382	1.588	7.874	7.173	8.650
Glyma.03G147200	0.205	0.158	0.094	2.156	2.248	1.994
Glyma.03G147700	9.138	7.829	8.564	1.104	1.097	0.859
Glyma.03G147900	1.656	1.764	1.535	0.367	0.418	0.462
Glyma.03G148100	0.735	0.577	0.571	38.517	46.675	46.792
Glyma.03G149200	7.742	7.463	7.716	2.276	2.044	1.713
Glyma.03G150600	3.107	3.607	3.853	13.687	14.243	14.109
Glyma.03G150700	74.543	77.237	75.034	10.372	9.761	13.226
Glyma.03G151650	0.000	0.000	0.000	0.339	1.179	1.385
Glyma.03G151900	1.137	1.241	1.090	5.284	4.484	3.760
Glyma.03G152200	62.712	60.676	64.433	28.592	22.411	17.982
Glyma.03G152400	2.924	2.804	2.705	1.163	0.968	0.886
Glyma.03G153902	1.814	1.782	1.426	6.426	5.176	6.373
Glyma.03G154000	0.139	0.026	0.066	2.884	2.738	3.594
Glyma.03G154200	0.130	0.153	0.095	0.941	1.357	1.027
Glyma.03G154600	0.449	0.378	0.280	2.825	3.066	2.984
Glyma.03G156100	0.677	0.800	0.881	4.881	3.773	2.931
Glyma.03G156700	26.866	27.765	25.836	1.318	1.355	1.230
Glyma.03G157300	6.526	7.615	7.256	0.656	0.617	0.446
Glyma.03G158100	7.541	6.285	6.887	25.383	22.737	24.927
Glyma.03G158400	1.004	1.585	1.236	5.532	5.280	5.502
Glyma.03G158700	1.644	1.100	1.121	7.374	7.694	5.961
Glyma.03G159400	0.729	1.035	0.863	3.324	3.555	3.414
Glyma.03G159800	0.137	0.136	0.076	1.372	1.059	1.141
Glyma.03G161300	0.252	0.273	0.285	1.600	1.376	1.773
Glyma.03G162900	29.334	30.144	30.961	9.777	12.058	11.326
Glyma.03G163100	2.169	3.082	2.512	1.161	0.894	0.916
Glyma.03G163200	1.816	1.945	1.600	0.364	0.421	1.052
Glyma.03G163600	37.544	36.972	37.315	13.914	16.063	18.772
Glyma.03G164300	6.145	6.145	6.216	26.139	25.925	23.091
Glyma.03G165100	1.454	1.275	1.184	0.607	0.715	0.372
Glyma.03G166000	0.006	0.039	0.019	1.844	1.936	2.114
Glyma.03G166500	0.210	0.193	0.143	1.176	0.981	1.544
Glyma.03G166900	0.291	0.179	0.278	1.812	2.049	2.085
Glyma.03G167200	32.546	33.639	32.406	15.115	13.882	14.115
Glyma.03G167600	0.017	0.011	0.000	2.031	2.086	2.313
Glyma.03G169200	0.351	0.344	0.380	2.295	2.187	2.353
Glyma.03G170300	26.705	26.882	25.865	7.469	7.651	8.850
Glyma.03G170900	0.000	0.000	0.068	48.097	45.969	27.145
Glyma.03G171400	9.080	8.944	8.167	39.630	31.072	20.948
Glyma.03G172900	15.355	15.694	14.610	2.522	2.673	2.652
Glyma.03G174000	1.101	1.733	1.215	0.535	0.685	0.431
Glyma.03G174300	16.421	16.468	16.588	1.716	1.620	1.569
Glyma.03G174500	6.006	6.085	6.130	2.215	2.120	2.422
Glyma.03G175000	1.180	1.200	0.932	7.078	7.400	6.850
Glyma.03G175100	1.534	1.112	1.170	0.352	0.353	0.609
Glyma.03G176100	2.584	2.094	2.464	1.252	0.930	1.225
Glyma.03G176300	1.070	0.764	0.932	0.251	0.200	0.299
Glyma.03G177500	0.245	0.324	0.172	1.700	1.721	1.651
Glyma.03G177600	0.057	0.104	0.079	0.902	0.958	1.191
Glyma.03G177900	0.068	0.147	0.208	1.079	0.993	1.089
Glyma.03G178100	0.157	0.208	0.106	1.128	1.127	1.893
Glyma.03G178700	0.067	0.036	0.030	1.802	1.844	2.105
Glyma.03G179100	5.635	5.928	5.336	2.465	2.263	3.026
Glyma.03G179400	4.827	5.790	5.496	2.463	1.849	3.201
Glyma.03G179500	1.508	1.819	1.812	6.885	6.131	6.191
Glyma.03G180900	21.650	21.164	21.417	76.385	82.937	63.542
Glyma.03G181300	0.246	0.245	0.317	1.280	1.589	1.058
Glyma.03G181500	1.371	1.815	1.682	0.678	0.196	0.462
Glyma.03G181600	1.824	2.177	2.129	0.617	0.683	0.544
Glyma.03G181800	10.786	11.627	11.118	1.801	1.838	2.130
Glyma.03G183300	0.347	0.161	0.307	1.340	1.142	1.105
Glyma.03G183900	0.883	0.760	1.057	0.350	0.494	0.312
Glyma.03G184000	0.017	0.023	0.000	1.574	1.602	1.268
Glyma.03G185100	2.555	2.533	2.455	0.445	0.467	0.423
Glyma.03G186900	12.872	14.189	13.837	0.897	0.670	0.755
Glyma.03G187000	36.013	37.449	36.925	1.832	2.150	2.102
Glyma.03G187800	0.611	0.511	0.674	2.815	2.778	2.728
Glyma.03G189800	0.028	0.000	0.010	4.161	3.870	3.050
Glyma.03G191100	1.445	1.648	1.106	6.860	5.684	7.242
Glyma.03G191700	0.088	0.128	0.126	1.045	0.942	1.147
Glyma.03G192300	45.366	46.957	46.922	22.182	21.567	22.281
Glyma.03G193000	0.157	0.200	0.225	1.193	1.382	1.606
Glyma.03G193600	0.385	0.189	0.362	2.497	2.574	2.506
Glyma.03G195300	6.555	6.516	5.873	2.413	2.273	2.651
Glyma.03G195600	0.728	0.766	0.621	5.967	6.572	7.520
Glyma.03G196300	0.883	1.038	0.722	0.243	0.169	0.248
Glyma.03G196400	0.054	0.071	0.000	1.991	1.522	2.093
Glyma.03G197300	0.026	0.052	0.065	2.782	2.712	2.998
Glyma.03G197500	0.239	0.135	0.113	3.642	3.648	3.925
Glyma.03G199500	0.519	0.695	0.687	2.896	2.812	2.901
Glyma.03G199800	0.463	0.799	0.496	2.147	2.626	2.149
Glyma.03G200500	3.937	3.586	3.622	1.665	1.201	0.770
Glyma.03G200900	0.675	0.701	0.877	10.064	9.736	8.389
Glyma.03G201600	1.407	1.761	2.043	0.726	0.927	0.464
Glyma.03G201700	2.938	3.005	3.367	0.330	0.488	0.371
Glyma.03G202100	19.765	20.203	20.321	5.690	5.475	5.693
Glyma.03G203000	1.540	1.809	1.553	0.493	0.651	0.503
Glyma.03G204500	3.630	3.646	2.947	0.377	0.547	0.535
Glyma.03G204800	4.261	4.457	4.347	1.354	1.097	1.262
Glyma.03G205000	0.189	0.137	0.104	2.495	2.546	3.177
Glyma.03G205400	3.580	3.231	3.513	1.691	1.633	1.781
Glyma.03G206000	0.060	0.060	0.050	1.050	0.816	0.981
Glyma.03G207100	0.376	0.389	0.433	2.230	2.170	1.559
Glyma.03G207800	0.141	0.112	0.062	1.254	1.017	1.024
Glyma.03G209000	0.062	0.082	0.017	1.085	1.444	1.249
Glyma.03G211600	0.031	0.042	0.104	0.281	1.178	0.477
Glyma.03G212400	1.195	1.055	1.046	0.304	0.431	0.392
Glyma.03G212500	15.434	14.883	17.605	7.587	6.329	8.366
Glyma.03G214300	22.550	21.791	21.705	10.443	11.250	6.329
Glyma.03G214700	2.485	2.419	2.276	1.150	1.018	1.219
Glyma.03G216300	1.151	1.307	0.877	0.628	0.383	0.518
Glyma.03G216900	5.369	5.214	4.478	0.000	0.000	0.000
Glyma.03G217000	0.208	0.218	0.344	0.907	1.049	1.297
Glyma.03G217300	2.368	2.585	1.876	0.725	0.676	0.767
Glyma.03G217500	0.058	0.015	0.038	3.512	2.776	2.501
Glyma.03G218600	0.650	0.757	0.696	5.255	5.767	5.483
Glyma.03G218700	0.073	0.029	0.065	2.291	2.304	1.626
Glyma.03G219200	0.531	0.614	0.628	10.070	10.974	9.046
Glyma.03G219700	0.659	0.660	0.767	2.566	2.482	2.876
Glyma.03G220800	4.219	3.780	4.516	1.832	1.545	2.625
Glyma.03G222000	5.255	5.222	5.175	2.485	2.235	1.986
Glyma.03G222300	3.512	3.534	3.904	0.153	0.102	0.120
Glyma.03G222400	0.036	0.334	0.199	1.551	1.626	1.037
Glyma.03G222600	3.654	3.255	3.273	0.307	0.326	0.314
Glyma.03G224600	0.475	0.394	0.376	4.276	3.743	4.043
