OTU ID	B1-1	B1-2	B1-4	D1-1	D1-4	D1-5	F1-2	F1-3	F1-5	F2-1	F2-2	F2-4	S1-3	S1-4	S1-5
OTU1	1.0	2.0	54.0	579.0	586.0	1307.0	2184.0	1813.0	824.0	240.0	43.0	27.0	41747.0	25601.0	19357.0
OTU2	3.0	11.0	5.0	289.0	216.0	350.0	17871.0	25703.0	10173.0	1176.0	754.0	456.0	1406.0	3857.0	9958.0
OTU3	6.0	0.0	0.0	0.0	0.0	0.0	0.0	0.0	0.0	18835.0	18217.0	22030.0	2.0	7.0	5.0
OTU4	0.0	0.0	0.0	0.0	0.0	0.0	0.0	0.0	0.0	16701.0	17658.0	21532.0	1.0	22.0	15.0
OTU5	20645.0	8200.0	19111.0	260.0	568.0	436.0	28.0	2.0	0.0	1.0	0.0	0.0	200.0	162.0	275.0
OTU6	1.0	1.0	13.0	148.0	48.0	160.0	10162.0	15637.0	13263.0	556.0	399.0	156.0	789.0	2363.0	4672.0
OTU7	5110.0	2527.0	10262.0	418.0	225.0	308.0	5.0	0.0	2.0	0.0	0.0	0.0	44.0	31.0	92.0
OTU8	69.0	136.0	123.0	4640.0	4940.0	3904.0	37.0	49.0	216.0	6.0	3.0	6.0	138.0	2147.0	1940.0
OTU9	139.0	171.0	180.0	3992.0	2920.0	2319.0	20.0	17.0	48.0	30.0	21.0	32.0	170.0	3318.0	2138.0
OTU10	4351.0	2189.0	7834.0	167.0	225.0	125.0	3.0	2.0	0.0	0.0	0.0	0.0	61.0	31.0	110.0
OTU11	1.0	0.0	8.0	69.0	145.0	171.0	249.0	289.0	4999.0	23.0	4.0	2.0	3950.0	2414.0	1944.0
OTU12	0.0	0.0	0.0	5323.0	2575.0	3007.0	2.0	0.0	0.0	0.0	0.0	0.0	33.0	5.0	50.0
OTU13	46.0	4618.0	87.0	878.0	757.0	747.0	447.0	175.0	235.0	117.0	108.0	142.0	32.0	720.0	496.0
OTU14	221.0	259.0	100.0	2626.0	1904.0	1138.0	18.0	15.0	47.0	4.0	4.0	9.0	131.0	1224.0	1360.0
OTU15	47.0	127.0	98.0	2018.0	2415.0	1106.0	17.0	22.0	57.0	20.0	7.0	15.0	64.0	1649.0	1241.0
OTU16	59.0	84.0	71.0	2261.0	1555.0	777.0	9.0	5.0	19.0	17.0	5.0	12.0	57.0	2457.0	976.0
OTU17	86.0	65.0	66.0	1590.0	1645.0	817.0	6.0	3.0	23.0	3.0	6.0	9.0	72.0	1216.0	1078.0
OTU18	0.0	0.0	0.0	3253.0	1053.0	1414.0	221.0	26.0	168.0	0.0	0.0	0.0	242.0	106.0	180.0
OTU19	11.0	16.0	28.0	681.0	331.0	577.0	3598.0	19.0	18.0	37.0	21.0	41.0	24.0	419.0	549.0
OTU20	45.0	119.0	41.0	209.0	4283.0	407.0	340.0	299.0	224.0	7.0	7.0	9.0	16.0	118.0	182.0
OTU21	52.0	62.0	167.0	1504.0	1404.0	931.0	4.0	7.0	60.0	1.0	2.0	8.0	67.0	954.0	989.0
OTU22	1.0	5.0	2.0	0.0	0.0	0.0	73.0	38.0	18.0	1730.0	1689.0	2172.0	0.0	0.0	23.0
OTU23	26.0	60.0	47.0	1077.0	1412.0	879.0	457.0	18.0	20.0	10.0	15.0	17.0	57.0	961.0	692.0
OTU24	0.0	0.0	0.0	0.0	0.0	20.0	0.0	6.0	6.0	1548.0	1640.0	2033.0	0.0	8.0	13.0
OTU25	493.0	929.0	359.0	1592.0	587.0	1057.0	12.0	57.0	12.0	0.0	0.0	0.0	21.0	49.0	74.0
OTU26	604.0	1163.0	460.0	939.0	212.0	1387.0	6.0	4.0	3.0	0.0	0.0	0.0	50.0	114.0	144.0
OTU27	81.0	3857.0	45.0	91.0	89.0	120.0	92.0	57.0	62.0	33.0	27.0	30.0	18.0	106.0	221.0
OTU28	0.0	0.0	0.0	0.0	0.0	0.0	0.0	0.0	0.0	1262.0	1212.0	1540.0	0.0	0.0	0.0
OTU29	2.0	0.0	2.0	0.0	0.0	0.0	104.0	592.0	3170.0	1.0	0.0	1.0	0.0	13.0	32.0
OTU30	3.0	0.0	0.0	0.0	66.0	0.0	0.0	0.0	0.0	602.0	606.0	773.0	2.0	885.0	816.0
OTU31	11.0	61.0	19.0	556.0	2240.0	395.0	30.0	38.0	30.0	1.0	0.0	1.0	3.0	31.0	181.0
OTU32	381.0	421.0	90.0	882.0	380.0	473.0	1.0	2.0	7.0	0.0	0.0	1.0	56.0	187.0	475.0
OTU33	207.0	327.0	476.0	750.0	427.0	845.0	1.0	5.0	1.0	0.0	0.0	0.0	24.0	26.0	18.0
OTU34	7.0	104.0	16.0	230.0	154.0	699.0	102.0	57.0	20.0	186.0	158.0	241.0	20.0	368.0	640.0
OTU35	204.0	846.0	406.0	596.0	149.0	611.0	4.0	14.0	8.0	0.0	0.0	0.0	19.0	63.0	66.0
OTU36	0.0	0.0	0.0	1114.0	508.0	794.0	1.0	0.0	0.0	0.0	0.0	0.0	82.0	91.0	173.0
OTU37	64.0	231.0	39.0	321.0	197.0	802.0	0.0	18.0	0.0	3.0	3.0	1.0	31.0	583.0	361.0
OTU38	2.0	0.0	0.0	0.0	14.0	52.0	2.0	19.0	11.0	811.0	745.0	908.0	0.0	19.0	8.0
OTU39	0.0	0.0	0.0	0.0	0.0	0.0	0.0	0.0	0.0	777.0	763.0	813.0	0.0	14.0	0.0
OTU40	11.0	35.0	7.0	405.0	544.0	319.0	33.0	42.0	46.0	10.0	9.0	8.0	15.0	353.0	216.0
OTU41	9.0	4.0	4.0	20.0	18.0	1773.0	2.0	1.0	5.0	15.0	19.0	23.0	1.0	28.0	77.0
OTU42	286.0	556.0	333.0	220.0	82.0	367.0	6.0	5.0	1.0	0.0	0.0	0.0	21.0	17.0	30.0
OTU43	301.0	291.0	57.0	522.0	72.0	190.0	0.0	0.0	0.0	0.0	0.0	0.0	22.0	151.0	186.0
OTU44	11.0	15.0	24.0	341.0	552.0	151.0	0.0	2.0	2.0	1.0	0.0	0.0	12.0	325.0	269.0
OTU45	97.0	284.0	182.0	313.0	285.0	458.0	2.0	5.0	4.0	0.0	0.0	0.0	13.0	18.0	37.0
OTU46	162.0	260.0	330.0	438.0	248.0	50.0	5.0	5.0	8.0	0.0	0.0	0.0	11.0	40.0	126.0
OTU47	8.0	104.0	11.0	187.0	128.0	193.0	182.0	119.0	333.0	10.0	9.0	17.0	9.0	80.0	78.0
OTU48	5.0	1.0	0.0	21.0	1.0	54.0	12.0	21.0	1088.0	15.0	21.0	22.0	97.0	60.0	37.0
OTU49	194.0	27.0	1165.0	26.0	0.0	0.0	0.0	5.0	0.0	0.0	0.0	0.0	1.0	8.0	21.0
OTU50	102.0	202.0	754.0	0.0	15.0	20.0	16.0	15.0	2.0	0.0	0.0	0.0	126.0	109.0	60.0
OTU51	123.0	198.0	139.0	389.0	49.0	410.0	3.0	1.0	0.0	0.0	0.0	0.0	2.0	3.0	14.0
OTU52	41.0	104.0	669.0	328.0	143.0	10.0	1.0	2.0	1.0	0.0	0.0	0.0	0.0	1.0	20.0
OTU53	21.0	1256.0	23.0	0.0	0.0	0.0	1.0	0.0	0.0	0.0	0.0	0.0	1.0	0.0	0.0
OTU54	86.0	502.0	43.0	360.0	96.0	105.0	3.0	2.0	3.0	0.0	0.0	0.0	8.0	0.0	42.0
OTU55	149.0	335.0	196.0	326.0	43.0	102.0	2.0	4.0	0.0	0.0	1.0	0.0	10.0	0.0	11.0
OTU56	16.0	29.0	12.0	229.0	107.0	134.0	1.0	0.0	7.0	0.0	3.0	2.0	24.0	250.0	310.0
OTU57	27.0	30.0	11.0	207.0	294.0	271.0	3.0	2.0	4.0	7.0	1.0	0.0	11.0	72.0	161.0
OTU58	0.0	1.0	1.0	0.0	0.0	0.0	0.0	1.0	0.0	311.0	323.0	399.0	0.0	0.0	0.0
OTU59	211.0	353.0	243.0	224.0	0.0	0.0	0.0	1.0	3.0	0.0	0.0	0.0	0.0	0.0	0.0
OTU60	42.0	1.0	16.0	127.0	294.0	76.0	4.0	69.0	0.0	0.0	0.0	0.0	2.0	313.0	81.0
OTU61	120.0	468.0	360.0	38.0	9.0	0.0	1.0	3.0	2.0	0.0	0.0	0.0	2.0	10.0	7.0
OTU62	31.0	543.0	52.0	373.0	0.0	0.0	0.0	0.0	0.0	0.0	0.0	0.0	0.0	0.0	0.0
OTU63	25.0	412.0	64.0	134.0	70.0	234.0	0.0	3.0	4.0	0.0	0.0	0.0	7.0	1.0	28.0
OTU64	26.0	368.0	382.0	86.0	0.0	62.0	1.0	2.0	0.0	0.0	0.0	0.0	1.0	0.0	22.0
OTU65	22.0	9.0	5.0	183.0	535.0	67.0	1.0	1.0	0.0	2.0	1.0	0.0	6.0	24.0	36.0
OTU66	4.0	11.0	7.0	278.0	178.0	166.0	0.0	0.0	7.0	0.0	0.0	1.0	8.0	146.0	76.0
OTU67	68.0	459.0	22.0	274.0	6.0	5.0	2.0	4.0	0.0	0.0	0.0	0.0	3.0	5.0	31.0
OTU68	55.0	85.0	114.0	90.0	75.0	421.0	2.0	2.0	3.0	0.0	0.0	0.0	8.0	7.0	6.0
OTU69	282.0	303.0	134.0	38.0	1.0	83.0	7.0	5.0	3.0	0.0	0.0	0.0	3.0	3.0	3.0
OTU70	143.0	576.0	52.0	57.0	0.0	0.0	3.0	2.0	16.0	0.0	0.0	0.0	0.0	0.0	4.0
OTU71	223.0	22.0	554.0	0.0	0.0	1.0	9.0	4.0	0.0	0.0	0.0	0.0	0.0	0.0	16.0
OTU72	6.0	3.0	0.0	3.0	5.0	18.0	0.0	0.0	2.0	220.0	209.0	316.0	0.0	23.0	15.0
OTU73	74.0	279.0	80.0	92.0	19.0	144.0	0.0	2.0	0.0	0.0	0.0	0.0	17.0	52.0	12.0
OTU74	52.0	46.0	33.0	78.0	0.0	323.0	2.0	7.0	0.0	1.0	0.0	0.0	7.0	109.0	107.0
OTU75	63.0	65.0	223.0	253.0	24.0	73.0	7.0	3.0	4.0	0.0	0.0	0.0	4.0	12.0	3.0
OTU76	56.0	61.0	382.0	64.0	2.0	126.0	0.0	4.0	6.0	0.0	0.0	0.0	11.0	0.0	3.0
OTU77	11.0	445.0	109.0	121.0	0.0	0.0	1.0	6.0	0.0	0.0	0.0	0.0	0.0	0.0	0.0
OTU78	111.0	445.0	38.0	39.0	0.0	0.0	0.0	0.0	4.0	0.0	0.0	0.0	0.0	0.0	0.0
OTU79	72.0	214.0	89.0	162.0	0.0	25.0	0.0	3.0	3.0	0.0	0.0	0.0	0.0	11.0	29.0
OTU80	24.0	7.0	1.0	124.0	169.0	62.0	1.0	1.0	0.0	6.0	5.0	4.0	10.0	66.0	118.0
OTU81	0.0	0.0	1.0	4.0	2.0	5.0	9.0	10.0	19.0	8.0	7.0	6.0	228.0	145.0	133.0
OTU82	300.0	103.0	82.0	66.0	1.0	6.0	1.0	0.0	1.0	0.0	0.0	0.0	0.0	1.0	1.0
OTU83	5.0	4.0	2.0	1.0	32.0	397.0	1.0	1.0	2.0	0.0	0.0	0.0	0.0	93.0	7.0
OTU84	31.0	171.0	92.0	126.0	7.0	74.0	2.0	5.0	1.0	0.0	0.0	0.0	4.0	2.0	23.0
OTU85	105.0	110.0	39.0	46.0	0.0	193.0	0.0	2.0	0.0	0.0	0.0	0.0	2.0	7.0	25.0
OTU86	25.0	26.0	297.0	54.0	13.0	7.0	2.0	1.0	0.0	0.0	0.0	0.0	12.0	66.0	26.0
OTU87	0.0	0.0	0.0	184.0	199.0	114.0	0.0	0.0	4.0	0.0	0.0	0.0	12.0	1.0	11.0
OTU88	34.0	55.0	248.0	43.0	62.0	0.0	4.0	14.0	1.0	0.0	0.0	0.0	6.0	23.0	19.0
OTU89	70.0	55.0	381.0	0.0	0.0	0.0	0.0	0.0	0.0	0.0	0.0	0.0	0.0	0.0	0.0
OTU90	13.0	5.0	148.0	196.0	0.0	69.0	20.0	16.0	0.0	0.0	0.0	0.0	8.0	6.0	3.0
OTU91	1.0	7.0	5.0	24.0	102.0	5.0	1.0	0.0	2.0	68.0	85.0	87.0	3.0	69.0	16.0
OTU92	73.0	114.0	204.0	67.0	0.0	0.0	0.0	0.0	0.0	0.0	0.0	0.0	0.0	0.0	0.0
OTU93	215.0	6.0	229.0	0.0	0.0	0.0	0.0	0.0	0.0	0.0	0.0	0.0	0.0	0.0	0.0
OTU94	0.0	0.0	3.0	0.0	3.0	0.0	1.0	0.0	0.0	105.0	118.0	143.0	7.0	27.0	29.0
OTU95	10.0	13.0	8.0	128.0	111.0	40.0	5.0	6.0	1.0	2.0	6.0	4.0	2.0	33.0	54.0
OTU96	5.0	1.0	2.0	61.0	28.0	70.0	0.0	2.0	0.0	1.0	0.0	1.0	7.0	164.0	80.0
OTU97	23.0	187.0	17.0	91.0	41.0	22.0	1.0	2.0	2.0	1.0	0.0	1.0	0.0	14.0	14.0
OTU98	0.0	1.0	2.0	407.0	0.0	0.0	0.0	0.0	0.0	0.0	0.0	0.0	3.0	0.0	0.0
OTU99	35.0	46.0	99.0	181.0	0.0	24.0	1.0	1.0	2.0	0.0	0.0	0.0	6.0	16.0	1.0
OTU100	82.0	254.0	54.0	15.0	0.0	0.0	0.0	0.0	0.0	0.0	0.0	0.0	5.0	0.0	0.0
OTU101	3.0	365.0	6.0	26.0	0.0	0.0	0.0	1.0	1.0	0.0	0.0	0.0	0.0	0.0	0.0
OTU102	53.0	145.0	156.0	1.0	33.0	0.0	0.0	2.0	3.0	0.0	0.0	0.0	0.0	0.0	0.0
OTU103	0.0	0.0	0.0	0.0	0.0	0.0	0.0	0.0	0.0	134.0	105.0	151.0	0.0	0.0	0.0
OTU104	6.0	6.0	5.0	85.0	55.0	55.0	2.0	29.0	5.0	3.0	1.0	5.0	4.0	78.0	48.0
OTU105	39.0	46.0	60.0	74.0	69.0	59.0	1.0	2.0	2.0	0.0	0.0	0.0	3.0	24.0	6.0
OTU106	10.0	5.0	6.0	34.0	243.0	23.0	0.0	0.0	1.0	1.0	0.0	0.0	0.0	0.0	47.0
OTU107	2.0	3.0	8.0	117.0	118.0	83.0	1.0	1.0	5.0	0.0	0.0	0.0	0.0	20.0	7.0
OTU108	7.0	16.0	5.0	27.0	149.0	70.0	1.0	4.0	8.0	0.0	0.0	0.0	0.0	18.0	58.0
OTU109	7.0	2.0	2.0	58.0	74.0	52.0	2.0	0.0	0.0	2.0	0.0	1.0	3.0	67.0	93.0
OTU110	2.0	0.0	1.0	31.0	18.0	193.0	0.0	1.0	0.0	1.0	0.0	2.0	1.0	107.0	2.0
OTU111	11.0	4.0	3.0	15.0	6.0	6.0	40.0	57.0	49.0	6.0	5.0	21.0	3.0	61.0	72.0
OTU112	35.0	149.0	53.0	112.0	0.0	1.0	0.0	0.0	0.0	0.0	0.0	0.0	4.0	0.0	0.0
OTU113	1.0	0.0	0.0	81.0	235.0	31.0	0.0	0.0	0.0	3.0	0.0	0.0	1.0	0.0	2.0
OTU114	0.0	0.0	0.0	0.0	0.0	0.0	1.0	2.0	2.0	94.0	94.0	157.0	0.0	0.0	0.0
OTU115	4.0	0.0	3.0	45.0	158.0	49.0	1.0	0.0	0.0	0.0	0.0	1.0	4.0	0.0	84.0
OTU116	150.0	85.0	83.0	1.0	0.0	3.0	2.0	0.0	5.0	0.0	0.0	0.0	3.0	0.0	1.0
OTU117	223.0	0.0	23.0	85.0	0.0	0.0	0.0	0.0	1.0	0.0	0.0	0.0	0.0	0.0	0.0
OTU118	8.0	312.0	2.0	0.0	0.0	0.0	0.0	0.0	0.0	0.0	0.0	0.0	1.0	0.0	0.0
OTU119	62.0	166.0	85.0	0.0	0.0	0.0	1.0	4.0	1.0	0.0	0.0	0.0	2.0	0.0	0.0
OTU120	1.0	0.0	0.0	0.0	0.0	0.0	0.0	0.0	0.0	0.0	0.0	0.0	75.0	132.0	103.0
OTU121	7.0	36.0	7.0	0.0	121.0	32.0	3.0	7.0	2.0	1.0	1.0	0.0	3.0	83.0	8.0
OTU122	50.0	10.0	46.0	112.0	40.0	49.0	2.0	0.0	1.0	0.0	0.0	0.0	0.0	1.0	0.0
OTU123	67.0	56.0	3.0	130.0	26.0	13.0	5.0	0.0	7.0	0.0	0.0	0.0	1.0	0.0	0.0
OTU124	16.0	75.0	12.0	110.0	14.0	43.0	0.0	0.0	7.0	0.0	0.0	0.0	6.0	16.0	4.0
OTU125	32.0	86.0	6.0	95.0	19.0	23.0	12.0	3.0	0.0	0.0	1.0	2.0	1.0	1.0	14.0
OTU126	3.0	2.0	1.0	61.0	90.0	52.0	0.0	2.0	3.0	0.0	0.0	0.0	4.0	46.0	30.0
OTU127	29.0	21.0	68.0	137.0	14.0	12.0	1.0	0.0	0.0	0.0	0.0	0.0	0.0	2.0	0.0
OTU128	3.0	0.0	0.0	3.0	0.0	0.0	2.0	2.0	0.0	0.0	0.0	0.0	102.0	18.0	154.0
OTU129	74.0	16.0	25.0	121.0	25.0	11.0	0.0	0.0	0.0	0.0	0.0	0.0	0.0	0.0	0.0
OTU130	3.0	0.0	2.0	46.0	6.0	19.0	0.0	0.0	1.0	24.0	27.0	33.0	4.0	61.0	39.0
OTU131	3.0	1.0	1.0	158.0	38.0	17.0	1.0	0.0	0.0	1.0	0.0	0.0	3.0	4.0	31.0
OTU132	13.0	23.0	96.0	105.0	0.0	0.0	0.0	2.0	4.0	0.0	0.0	0.0	1.0	9.0	0.0
OTU133	64.0	30.0	59.0	72.0	0.0	0.0	0.0	0.0	2.0	0.0	0.0	0.0	2.0	22.0	0.0
OTU134	20.0	152.0	58.0	13.0	0.0	0.0	1.0	6.0	0.0	0.0	0.0	0.0	0.0	0.0	0.0
OTU135	35.0	116.0	32.0	5.0	38.0	14.0	0.0	1.0	1.0	0.0	0.0	0.0	1.0	0.0	0.0
OTU136	3.0	4.0	6.0	14.0	65.0	0.0	0.0	1.0	3.0	0.0	0.0	2.0	1.0	66.0	74.0
OTU137	7.0	2.0	7.0	74.0	0.0	31.0	2.0	2.0	0.0	0.0	0.0	0.0	9.0	35.0	59.0
OTU138	13.0	33.0	52.0	86.0	42.0	0.0	1.0	0.0	0.0	0.0	0.0	0.0	0.0	0.0	0.0
OTU139	14.0	9.0	8.0	132.0	0.0	61.0	0.0	0.0	0.0	0.0	0.0	0.0	0.0	0.0	0.0
OTU140	20.0	33.0	110.0	32.0	1.0	16.0	0.0	3.0	1.0	0.0	0.0	0.0	4.0	2.0	2.0
OTU141	1.0	0.0	5.0	1.0	47.0	0.0	22.0	4.0	3.0	23.0	19.0	17.0	1.0	27.0	54.0
OTU142	12.0	1.0	109.0	79.0	3.0	10.0	0.0	0.0	4.0	0.0	0.0	0.0	0.0	0.0	2.0
OTU143	44.0	2.0	163.0	8.0	0.0	0.0	0.0	0.0	0.0	0.0	0.0	0.0	0.0	0.0	0.0
OTU144	10.0	75.0	0.0	36.0	20.0	3.0	12.0	11.0	4.0	0.0	1.0	0.0	2.0	15.0	28.0
OTU145	0.0	0.0	0.0	0.0	0.0	0.0	0.0	0.0	0.0	63.0	79.0	74.0	0.0	0.0	0.0
OTU146	1.0	4.0	3.0	74.0	87.0	18.0	0.0	0.0	1.0	0.0	0.0	0.0	0.0	17.0	4.0
OTU147	51.0	16.0	46.0	0.0	2.0	47.0	0.0	1.0	0.0	0.0	0.0	0.0	1.0	0.0	42.0
OTU148	9.0	0.0	2.0	22.0	73.0	98.0	1.0	0.0	0.0	0.0	0.0	0.0	0.0	0.0	0.0
OTU149	2.0	54.0	27.0	55.0	0.0	54.0	1.0	0.0	0.0	0.0	0.0	0.0	0.0	10.0	0.0
OTU150	31.0	25.0	4.0	1.0	0.0	62.0	0.0	0.0	1.0	1.0	0.0	0.0	2.0	17.0	55.0
OTU151	0.0	3.0	4.0	27.0	13.0	13.0	0.0	3.0	0.0	0.0	0.0	0.0	0.0	103.0	29.0
OTU152	0.0	0.0	0.0	24.0	99.0	15.0	0.0	0.0	1.0	0.0	0.0	0.0	0.0	7.0	48.0
OTU153	12.0	63.0	25.0	37.0	40.0	12.0	0.0	0.0	2.0	0.0	0.0	0.0	0.0	0.0	0.0
OTU154	2.0	5.0	7.0	25.0	25.0	49.0	0.0	1.0	9.0	2.0	6.0	6.0	0.0	27.0	24.0
OTU155	1.0	0.0	2.0	74.0	62.0	0.0	2.0	9.0	19.0	1.0	1.0	0.0	0.0	0.0	16.0
OTU156	0.0	155.0	4.0	27.0	0.0	0.0	0.0	0.0	0.0	0.0	0.0	0.0	0.0	0.0	0.0
OTU157	1.0	5.0	0.0	39.0	69.0	46.0	1.0	3.0	1.0	0.0	0.0	1.0	1.0	1.0	13.0
OTU158	0.0	0.0	0.0	0.0	171.0	0.0	0.0	0.0	1.0	0.0	0.0	0.0	0.0	0.0	7.0
OTU159	1.0	82.0	12.0	15.0	0.0	7.0	23.0	17.0	16.0	0.0	0.0	0.0	0.0	0.0	0.0
OTU160	0.0	1.0	0.0	168.0	0.0	0.0	0.0	1.0	0.0	0.0	0.0	0.0	0.0	0.0	0.0
OTU161	0.0	0.0	0.0	47.0	36.0	21.0	0.0	0.0	0.0	0.0	0.0	0.0	4.0	47.0	13.0
OTU162	8.0	10.0	117.0	12.0	0.0	5.0	0.0	1.0	0.0	0.0	0.0	0.0	0.0	1.0	10.0
OTU163	34.0	50.0	73.0	2.0	0.0	0.0	0.0	0.0	2.0	0.0	0.0	0.0	0.0	0.0	0.0
OTU164	1.0	61.0	26.0	2.0	0.0	49.0	1.0	1.0	0.0	0.0	0.0	0.0	2.0	0.0	15.0
OTU165	10.0	74.0	23.0	31.0	0.0	17.0	0.0	0.0	0.0	0.0	0.0	0.0	2.0	0.0	0.0
OTU166	5.0	16.0	6.0	11.0	0.0	38.0	0.0	1.0	0.0	2.0	0.0	0.0	0.0	24.0	54.0
OTU167	37.0	67.0	39.0	0.0	0.0	8.0	2.0	2.0	0.0	0.0	0.0	0.0	2.0	0.0	0.0
OTU168	25.0	25.0	12.0	19.0	12.0	63.0	0.0	0.0	0.0	0.0	0.0	0.0	0.0	0.0	0.0
OTU169	0.0	106.0	47.0	0.0	0.0	0.0	0.0	0.0	0.0	0.0	0.0	0.0	0.0	0.0	0.0
OTU170	0.0	0.0	4.0	70.0	78.0	0.0	0.0	0.0	0.0	0.0	0.0	0.0	0.0	0.0	0.0
OTU171	8.0	29.0	40.0	46.0	28.0	0.0	0.0	1.0	0.0	0.0	0.0	0.0	0.0	0.0	0.0
OTU172	125.0	0.0	0.0	7.0	0.0	16.0	0.0	0.0	2.0	0.0	0.0	0.0	0.0	0.0	0.0
OTU173	4.0	4.0	3.0	10.0	21.0	69.0	2.0	2.0	0.0	0.0	1.0	0.0	1.0	16.0	11.0
OTU174	0.0	4.0	11.0	127.0	0.0	0.0	0.0	0.0	0.0	0.0	0.0	0.0	0.0	0.0	0.0
OTU175	11.0	125.0	4.0	2.0	0.0	0.0	0.0	0.0	0.0	0.0	0.0	0.0	0.0	0.0	0.0
OTU176	0.0	0.0	0.0	0.0	0.0	0.0	0.0	0.0	0.0	0.0	0.0	0.0	0.0	139.0	0.0
OTU177	1.0	0.0	2.0	4.0	15.0	23.0	0.0	1.0	0.0	6.0	1.0	4.0	3.0	24.0	52.0
OTU178	14.0	1.0	121.0	0.0	0.0	0.0	0.0	0.0	0.0	0.0	0.0	0.0	0.0	0.0	0.0
OTU179	1.0	10.0	85.0	38.0	0.0	0.0	0.0	0.0	1.0	0.0	0.0	0.0	0.0	0.0	0.0
OTU180	6.0	41.0	23.0	7.0	0.0	52.0	0.0	0.0	0.0	0.0	0.0	0.0	5.0	0.0	0.0
OTU181	0.0	0.0	0.0	0.0	0.0	17.0	7.0	26.0	56.0	0.0	0.0	0.0	7.0	1.0	20.0
OTU182	0.0	0.0	0.0	0.0	107.0	11.0	0.0	0.0	0.0	0.0	0.0	0.0	0.0	16.0	0.0
OTU183	0.0	0.0	68.0	2.0	10.0	1.0	0.0	0.0	0.0	0.0	0.0	0.0	5.0	14.0	33.0
OTU184	4.0	77.0	0.0	46.0	0.0	3.0	0.0	0.0	0.0	0.0	0.0	0.0	0.0	0.0	0.0
OTU185	3.0	1.0	124.0	0.0	0.0	0.0	0.0	0.0	0.0	0.0	0.0	0.0	0.0	0.0	0.0
OTU186	5.0	5.0	36.0	22.0	0.0	58.0	0.0	2.0	0.0	0.0	0.0	0.0	0.0	0.0	0.0
OTU187	4.0	0.0	0.0	24.0	44.0	2.0	0.0	0.0	4.0	1.0	0.0	0.0	0.0	29.0	18.0
OTU188	1.0	0.0	3.0	12.0	8.0	35.0	0.0	1.0	0.0	0.0	0.0	0.0	0.0	24.0	40.0
OTU189	0.0	0.0	0.0	0.0	123.0	0.0	0.0	0.0	0.0	0.0	0.0	0.0	0.0	0.0	0.0
OTU190	0.0	8.0	0.0	36.0	0.0	25.0	4.0	3.0	0.0	0.0	1.0	0.0	1.0	18.0	27.0
OTU191	15.0	17.0	23.0	63.0	3.0	0.0	0.0	0.0	0.0	0.0	1.0	0.0	0.0	0.0	0.0
OTU192	0.0	0.0	0.0	0.0	0.0	0.0	0.0	0.0	0.0	26.0	41.0	54.0	0.0	0.0	0.0
OTU193	0.0	0.0	0.0	2.0	119.0	0.0	0.0	0.0	0.0	0.0	0.0	0.0	0.0	0.0	0.0
OTU194	8.0	0.0	0.0	52.0	0.0	1.0	0.0	0.0	0.0	0.0	0.0	0.0	6.0	29.0	22.0
OTU195	0.0	1.0	7.0	110.0	0.0	0.0	0.0	0.0	0.0	0.0	0.0	0.0	0.0	0.0	0.0
OTU196	1.0	1.0	14.0	100.0	0.0	0.0	0.0	0.0	1.0	0.0	0.0	0.0	0.0	0.0	0.0
OTU197	17.0	3.0	3.0	28.0	0.0	17.0	0.0	0.0	0.0	1.0	0.0	0.0	0.0	10.0	36.0
OTU198	5.0	6.0	104.0	0.0	0.0	0.0	0.0	0.0	0.0	0.0	0.0	0.0	0.0	0.0	0.0
OTU199	1.0	2.0	45.0	45.0	5.0	15.0	1.0	0.0	0.0	0.0	0.0	0.0	0.0	0.0	0.0
OTU200	0.0	1.0	3.0	0.0	35.0	70.0	0.0	0.0	0.0	1.0	2.0	1.0	0.0	0.0	0.0
OTU201	0.0	0.0	11.0	100.0	0.0	0.0	0.0	0.0	0.0	0.0	0.0	0.0	0.0	0.0	0.0
OTU202	2.0	0.0	1.0	64.0	0.0	11.0	24.0	4.0	3.0	0.0	0.0	0.0	0.0	0.0	2.0
OTU203	21.0	3.0	3.0	64.0	6.0	14.0	0.0	0.0	0.0	0.0	0.0	0.0	0.0	0.0	0.0
OTU204	1.0	81.0	13.0	15.0	0.0	0.0	0.0	0.0	0.0	0.0	0.0	0.0	0.0	0.0	0.0
OTU205	0.0	0.0	0.0	0.0	0.0	0.0	0.0	0.0	0.0	24.0	37.0	47.0	0.0	0.0	1.0
OTU206	10.0	5.0	74.0	15.0	0.0	0.0	1.0	0.0	2.0	0.0	0.0	0.0	0.0	0.0	0.0
OTU207	11.0	2.0	31.0	0.0	32.0	2.0	1.0	0.0	0.0	0.0	0.0	0.0	0.0	27.0	0.0
OTU208	2.0	72.0	23.0	7.0	0.0	0.0	0.0	0.0	0.0	0.0	0.0	0.0	1.0	0.0	0.0
OTU209	10.0	44.0	39.0	10.0	0.0	0.0	0.0	0.0	0.0	0.0	0.0	0.0	0.0	0.0	2.0
OTU210	0.0	0.0	35.0	69.0	0.0	0.0	0.0	0.0	0.0	0.0	0.0	0.0	0.0	0.0	0.0
OTU211	1.0	2.0	3.0	22.0	44.0	5.0	0.0	0.0	1.0	0.0	0.0	0.0	0.0	1.0	25.0
OTU212	0.0	0.0	0.0	0.0	84.0	0.0	0.0	0.0	0.0	0.0	0.0	0.0	0.0	18.0	0.0
OTU213	49.0	4.0	45.0	0.0	0.0	0.0	0.0	0.0	0.0	0.0	0.0	0.0	3.0	0.0	0.0
OTU214	2.0	0.0	2.0	16.0	0.0	10.0	0.0	0.0	0.0	0.0	0.0	0.0	0.0	31.0	40.0
OTU215	5.0	10.0	85.0	0.0	0.0	0.0	0.0	0.0	0.0	0.0	0.0	0.0	0.0	0.0	0.0
OTU216	24.0	59.0	3.0	11.0	0.0	0.0	1.0	0.0	0.0	0.0	0.0	0.0	0.0	0.0	0.0
OTU217	0.0	0.0	0.0	0.0	51.0	44.0	0.0	0.0	2.0	0.0	0.0	0.0	0.0	0.0	0.0
OTU218	0.0	0.0	1.0	30.0	30.0	10.0	0.0	1.0	0.0	0.0	0.0	0.0	0.0	2.0	23.0
OTU219	26.0	2.0	50.0	0.0	0.0	0.0	0.0	1.0	0.0	0.0	0.0	0.0	0.0	18.0	0.0
OTU220	1.0	0.0	0.0	15.0	32.0	42.0	0.0	0.0	1.0	3.0	0.0	0.0	2.0	0.0	0.0
OTU221	0.0	0.0	48.0	0.0	0.0	47.0	0.0	0.0	0.0	0.0	0.0	0.0	0.0	0.0	0.0
OTU222	0.0	0.0	0.0	95.0	0.0	0.0	0.0	0.0	0.0	0.0	0.0	0.0	0.0	0.0	0.0
OTU223	3.0	17.0	15.0	57.0	0.0	0.0	0.0	0.0	0.0	0.0	0.0	0.0	0.0	0.0	0.0
OTU224	25.0	4.0	52.0	8.0	0.0	1.0	0.0	0.0	0.0	0.0	0.0	0.0	2.0	0.0	0.0
OTU225	14.0	25.0	20.0	9.0	1.0	11.0	1.0	1.0	1.0	0.0	2.0	0.0	0.0	0.0	7.0
OTU226	1.0	2.0	1.0	30.0	2.0	0.0	0.0	0.0	1.0	3.0	2.0	2.0	3.0	24.0	20.0
OTU227	0.0	0.0	0.0	89.0	0.0	0.0	0.0	0.0	0.0	0.0	0.0	0.0	0.0	0.0	0.0
OTU228	3.0	13.0	44.0	26.0	0.0	0.0	0.0	0.0	0.0	0.0	0.0	0.0	2.0	0.0	0.0
OTU229	2.0	4.0	0.0	24.0	26.0	6.0	0.0	4.0	0.0	3.0	0.0	2.0	0.0	7.0	10.0
OTU230	0.0	0.0	0.0	0.0	85.0	0.0	0.0	0.0	0.0	0.0	0.0	0.0	0.0	0.0	3.0
OTU231	0.0	0.0	0.0	25.0	51.0	0.0	0.0	0.0	0.0	0.0	0.0	0.0	0.0	0.0	11.0
OTU232	0.0	0.0	0.0	0.0	0.0	0.0	0.0	0.0	0.0	27.0	14.0	39.0	0.0	0.0	6.0
OTU233	1.0	80.0	0.0	0.0	0.0	0.0	3.0	0.0	1.0	0.0	0.0	0.0	0.0	0.0	0.0
OTU234	0.0	0.0	2.0	6.0	35.0	13.0	0.0	0.0	5.0	1.0	0.0	0.0	0.0	21.0	2.0
OTU235	2.0	58.0	10.0	13.0	0.0	0.0	0.0	0.0	1.0	0.0	0.0	0.0	0.0	0.0	0.0
OTU236	1.0	3.0	3.0	15.0	0.0	0.0	0.0	1.0	1.0	1.0	0.0	0.0	3.0	37.0	19.0
OTU237	20.0	7.0	13.0	44.0	0.0	0.0	0.0	0.0	0.0	0.0	0.0	0.0	0.0	0.0	0.0
OTU238	0.0	4.0	0.0	0.0	0.0	50.0	0.0	0.0	2.0	1.0	0.0	2.0	6.0	3.0	15.0
OTU239	0.0	0.0	0.0	25.0	0.0	55.0	0.0	0.0	0.0	0.0	0.0	0.0	0.0	0.0	0.0
OTU240	0.0	1.0	0.0	6.0	33.0	31.0	0.0	0.0	0.0	0.0	0.0	0.0	0.0	1.0	7.0
OTU241	3.0	9.0	16.0	27.0	0.0	1.0	1.0	3.0	1.0	0.0	0.0	0.0	2.0	0.0	15.0
OTU242	0.0	0.0	0.0	0.0	0.0	0.0	0.0	0.0	0.0	16.0	25.0	37.0	0.0	0.0	0.0
OTU243	0.0	0.0	0.0	13.0	23.0	1.0	0.0	0.0	1.0	0.0	0.0	0.0	1.0	16.0	22.0
OTU244	0.0	0.0	0.0	0.0	0.0	0.0	0.0	0.0	0.0	0.0	0.0	0.0	38.0	0.0	39.0
OTU245	0.0	0.0	0.0	0.0	76.0	0.0	0.0	0.0	0.0	0.0	0.0	0.0	1.0	0.0	0.0
OTU246	21.0	53.0	0.0	0.0	0.0	0.0	0.0	0.0	0.0	0.0	0.0	0.0	2.0	0.0	0.0
OTU247	0.0	3.0	0.0	13.0	41.0	9.0	0.0	0.0	0.0	0.0	0.0	0.0	0.0	9.0	1.0
OTU248	0.0	0.0	0.0	75.0	0.0	0.0	0.0	0.0	0.0	0.0	0.0	0.0	0.0	0.0	0.0
OTU249	0.0	5.0	0.0	15.0	0.0	10.0	0.0	0.0	0.0	0.0	1.0	0.0	0.0	0.0	43.0
OTU250	0.0	0.0	0.0	0.0	0.0	0.0	0.0	0.0	1.0	17.0	30.0	26.0	0.0	0.0	0.0
OTU251	5.0	12.0	22.0	32.0	0.0	0.0	0.0	0.0	0.0	0.0	0.0	0.0	2.0	0.0	0.0
OTU252	0.0	0.0	0.0	12.0	0.0	55.0	0.0	0.0	0.0	0.0	0.0	0.0	0.0	0.0	5.0
OTU253	2.0	0.0	2.0	67.0	0.0	0.0	0.0	1.0	0.0	0.0	0.0	0.0	0.0	0.0	0.0
OTU254	9.0	14.0	12.0	2.0	1.0	28.0	0.0	0.0	0.0	0.0	0.0	0.0	3.0	3.0	0.0
OTU255	17.0	25.0	0.0	0.0	18.0	0.0	2.0	0.0	9.0	1.0	0.0	0.0	0.0	0.0	0.0
OTU256	0.0	50.0	16.0	6.0	0.0	0.0	0.0	0.0	0.0	0.0	0.0	0.0	0.0	0.0	0.0
OTU257	0.0	38.0	1.0	26.0	0.0	0.0	0.0	0.0	3.0	0.0	0.0	0.0	4.0	0.0	0.0
OTU258	0.0	7.0	38.0	2.0	7.0	1.0	1.0	0.0	2.0	0.0	0.0	0.0	1.0	12.0	0.0
OTU259	0.0	0.0	0.0	0.0	71.0	0.0	0.0	0.0	0.0	0.0	0.0	0.0	0.0	0.0	0.0
OTU260	29.0	2.0	13.0	27.0	0.0	0.0	0.0	0.0	0.0	0.0	0.0	0.0	0.0	0.0	0.0
OTU261	0.0	66.0	3.0	0.0	0.0	1.0	0.0	0.0	0.0	0.0	0.0	0.0	0.0	0.0	0.0
OTU262	2.0	0.0	0.0	13.0	2.0	39.0	0.0	0.0	0.0	0.0	0.0	1.0	1.0	2.0	10.0
OTU263	0.0	0.0	0.0	0.0	0.0	0.0	0.0	0.0	0.0	21.0	23.0	26.0	0.0	0.0	0.0
OTU264	0.0	0.0	0.0	0.0	0.0	8.0	0.0	0.0	0.0	0.0	0.0	0.0	23.0	31.0	7.0
OTU265	0.0	0.0	0.0	0.0	0.0	0.0	0.0	0.0	0.0	52.0	11.0	6.0	0.0	0.0	0.0
OTU266	0.0	0.0	0.0	0.0	0.0	0.0	0.0	0.0	0.0	51.0	16.0	2.0	0.0	0.0	0.0
OTU267	0.0	0.0	0.0	0.0	69.0	0.0	0.0	0.0	0.0	0.0	0.0	0.0	0.0	0.0	0.0
OTU268	0.0	1.0	1.0	6.0	0.0	0.0	0.0	0.0	0.0	0.0	0.0	0.0	0.0	39.0	21.0
OTU269	25.0	15.0	0.0	27.0	0.0	0.0	0.0	0.0	0.0	0.0	0.0	0.0	0.0	0.0	0.0
OTU270	6.0	3.0	57.0	0.0	0.0	0.0	0.0	0.0	0.0	0.0	0.0	0.0	0.0	0.0	0.0
OTU271	3.0	1.0	0.0	26.0	0.0	0.0	2.0	1.0	0.0	0.0	0.0	0.0	9.0	0.0	23.0
OTU272	0.0	0.0	65.0	0.0	0.0	0.0	0.0	0.0	0.0	0.0	0.0	0.0	0.0	0.0	0.0
OTU273	10.0	53.0	0.0	0.0	0.0	0.0	0.0	0.0	0.0	0.0	0.0	0.0	0.0	0.0	0.0
OTU274	0.0	0.0	0.0	0.0	62.0	0.0	0.0	0.0	0.0	0.0	0.0	0.0	0.0	0.0	0.0
OTU275	0.0	0.0	5.0	10.0	0.0	32.0	0.0	0.0	0.0	0.0	0.0	0.0	0.0	14.0	0.0
OTU276	0.0	0.0	0.0	60.0	0.0	0.0	0.0	1.0	0.0	0.0	0.0	0.0	0.0	0.0	0.0
OTU277	10.0	2.0	12.0	36.0	0.0	0.0	0.0	0.0	0.0	0.0	0.0	0.0	0.0	0.0	0.0
OTU278	0.0	39.0	4.0	12.0	0.0	0.0	0.0	0.0	0.0	0.0	0.0	0.0	0.0	4.0	0.0
OTU279	27.0	22.0	9.0	0.0	0.0	0.0	0.0	0.0	0.0	0.0	0.0	0.0	0.0	0.0	0.0
OTU280	0.0	3.0	0.0	0.0	0.0	26.0	0.0	0.0	0.0	0.0	0.0	1.0	0.0	14.0	13.0
OTU281	4.0	1.0	15.0	35.0	0.0	0.0	1.0	1.0	0.0	0.0	0.0	0.0	0.0	0.0	0.0
OTU282	0.0	0.0	0.0	57.0	0.0	0.0	0.0	0.0	0.0	0.0	0.0	0.0	0.0	0.0	0.0
OTU283	0.0	0.0	0.0	0.0	56.0	0.0	0.0	0.0	0.0	0.0	0.0	0.0	0.0	0.0	0.0
OTU284	0.0	0.0	2.0	12.0	0.0	0.0	0.0	0.0	2.0	0.0	0.0	1.0	0.0	39.0	0.0
OTU285	3.0	1.0	0.0	0.0	0.0	0.0	0.0	0.0	0.0	0.0	0.0	0.0	0.0	31.0	20.0
OTU286	0.0	0.0	0.0	7.0	0.0	43.0	0.0	0.0	0.0	0.0	0.0	0.0	0.0	0.0	5.0
OTU287	0.0	28.0	8.0	18.0	0.0	0.0	0.0	0.0	0.0	0.0	0.0	0.0	0.0	0.0	0.0
OTU288	0.0	0.0	1.0	0.0	52.0	0.0	0.0	0.0	0.0	0.0	0.0	0.0	0.0	0.0	0.0
OTU289	17.0	0.0	18.0	18.0	0.0	0.0	0.0	0.0	0.0	0.0	0.0	0.0	0.0	0.0	0.0
OTU290	0.0	0.0	0.0	0.0	0.0	0.0	0.0	0.0	0.0	0.0	0.0	0.0	0.0	53.0	0.0
OTU291	0.0	0.0	0.0	21.0	0.0	0.0	0.0	0.0	0.0	0.0	0.0	0.0	3.0	29.0	0.0
OTU292	4.0	9.0	0.0	24.0	0.0	0.0	0.0	0.0	0.0	0.0	0.0	0.0	0.0	15.0	0.0
OTU293	9.0	0.0	7.0	36.0	0.0	0.0	0.0	0.0	0.0	0.0	0.0	0.0	0.0	0.0	0.0
OTU294	3.0	8.0	7.0	15.0	0.0	0.0	0.0	0.0	1.0	0.0	0.0	0.0	1.0	14.0	3.0
OTU295	1.0	2.0	17.0	32.0	0.0	0.0	0.0	0.0	0.0	0.0	0.0	0.0	0.0	0.0	0.0
OTU296	4.0	2.0	1.0	16.0	0.0	0.0	2.0	1.0	0.0	0.0	0.0	0.0	0.0	9.0	16.0
OTU297	0.0	0.0	0.0	0.0	30.0	0.0	0.0	0.0	0.0	0.0	0.0	0.0	0.0	10.0	11.0
OTU298	32.0	1.0	9.0	9.0	0.0	0.0	0.0	0.0	0.0	0.0	0.0	0.0	0.0	0.0	0.0
OTU299	0.0	24.0	9.0	3.0	11.0	3.0	0.0	0.0	1.0	0.0	0.0	0.0	0.0	0.0	0.0
OTU300	0.0	0.0	2.0	0.0	2.0	38.0	0.0	0.0	0.0	2.0	0.0	0.0	0.0	3.0	3.0
OTU301	0.0	0.0	5.0	2.0	0.0	0.0	1.0	2.0	0.0	4.0	5.0	8.0	0.0	19.0	4.0
OTU302	0.0	0.0	0.0	0.0	0.0	0.0	0.0	0.0	0.0	0.0	0.0	0.0	3.0	47.0	0.0
OTU303	1.0	0.0	0.0	0.0	0.0	0.0	0.0	0.0	0.0	0.0	0.0	0.0	0.0	48.0	0.0
OTU304	3.0	13.0	30.0	0.0	0.0	0.0	0.0	0.0	0.0	0.0	0.0	0.0	3.0	0.0	0.0
OTU305	0.0	0.0	0.0	0.0	48.0	0.0	0.0	0.0	0.0	0.0	0.0	0.0	0.0	0.0	0.0
OTU306	0.0	0.0	44.0	3.0	0.0	0.0	0.0	0.0	0.0	0.0	0.0	0.0	0.0	0.0	0.0
OTU307	0.0	0.0	0.0	0.0	0.0	0.0	0.0	0.0	0.0	34.0	6.0	7.0	0.0	0.0	0.0
OTU308	0.0	0.0	0.0	4.0	0.0	43.0	0.0	0.0	0.0	0.0	0.0	0.0	0.0	0.0	0.0
OTU309	4.0	5.0	31.0	0.0	0.0	0.0	0.0	1.0	3.0	0.0	0.0	0.0	1.0	1.0	1.0
OTU310	0.0	0.0	0.0	0.0	0.0	0.0	19.0	9.0	12.0	0.0	0.0	0.0	0.0	0.0	7.0
OTU311	0.0	0.0	0.0	0.0	0.0	47.0	0.0	0.0	0.0	0.0	0.0	0.0	0.0	0.0	0.0
OTU312	0.0	0.0	0.0	46.0	0.0	0.0	0.0	0.0	0.0	0.0	0.0	0.0	1.0	0.0	0.0
OTU313	1.0	3.0	2.0	0.0	0.0	0.0	1.0	0.0	0.0	4.0	1.0	5.0	1.0	18.0	10.0
OTU314	3.0	0.0	4.0	39.0	0.0	0.0	0.0	0.0	0.0	0.0	0.0	0.0	0.0	0.0	0.0
OTU315	0.0	0.0	1.0	0.0	41.0	0.0	1.0	3.0	0.0	0.0	0.0	0.0	0.0	0.0	0.0
OTU316	0.0	12.0	34.0	0.0	0.0	0.0	0.0	0.0	0.0	0.0	0.0	0.0	0.0	0.0	0.0
OTU317	0.0	0.0	0.0	0.0	2.0	37.0	0.0	0.0	0.0	0.0	0.0	0.0	0.0	1.0	5.0
OTU318	1.0	5.0	0.0	0.0	0.0	0.0	0.0	0.0	0.0	0.0	0.0	0.0	3.0	36.0	0.0
OTU319	0.0	19.0	3.0	18.0	0.0	0.0	0.0	0.0	0.0	0.0	0.0	0.0	0.0	5.0	0.0
OTU320	22.0	7.0	10.0	0.0	0.0	0.0	0.0	1.0	0.0	0.0	0.0	0.0	0.0	0.0	4.0
OTU321	2.0	0.0	0.0	1.0	0.0	7.0	14.0	0.0	5.0	0.0	0.0	0.0	0.0	3.0	12.0
OTU322	0.0	0.0	0.0	0.0	33.0	0.0	0.0	0.0	0.0	0.0	0.0	0.0	0.0	0.0	11.0
OTU323	0.0	0.0	1.0	42.0	0.0	0.0	0.0	1.0	0.0	0.0	0.0	0.0	0.0	0.0	0.0
OTU324	0.0	1.0	0.0	16.0	23.0	0.0	0.0	0.0	0.0	0.0	0.0	0.0	0.0	4.0	0.0
OTU325	0.0	0.0	0.0	43.0	0.0	0.0	0.0	0.0	0.0	0.0	0.0	0.0	0.0	0.0	0.0
OTU326	0.0	0.0	0.0	29.0	0.0	14.0	0.0	0.0	0.0	0.0	0.0	0.0	0.0	0.0	0.0
OTU327	0.0	0.0	0.0	0.0	0.0	0.0	0.0	0.0	0.0	6.0	17.0	20.0	0.0	0.0	0.0
OTU328	15.0	20.0	8.0	0.0	0.0	0.0	0.0	0.0	0.0	0.0	0.0	0.0	0.0	0.0	0.0
OTU329	0.0	0.0	0.0	0.0	0.0	0.0	0.0	0.0	0.0	0.0	0.0	0.0	0.0	42.0	0.0
OTU330	1.0	0.0	1.0	35.0	0.0	0.0	0.0	0.0	2.0	0.0	0.0	0.0	0.0	3.0	0.0
OTU331	0.0	0.0	2.0	40.0	0.0	0.0	0.0	0.0	0.0	0.0	0.0	0.0	0.0	0.0	0.0
OTU332	0.0	0.0	0.0	0.0	0.0	42.0	0.0	0.0	0.0	0.0	0.0	0.0	0.0	0.0	0.0
OTU333	0.0	0.0	0.0	0.0	41.0	0.0	0.0	0.0	0.0	0.0	0.0	0.0	0.0	0.0	0.0
OTU334	28.0	10.0	3.0	0.0	0.0	0.0	0.0	0.0	0.0	0.0	0.0	0.0	0.0	0.0	0.0
OTU335	27.0	8.0	6.0	0.0	0.0	0.0	0.0	0.0	0.0	0.0	0.0	0.0	0.0	0.0	0.0
OTU336	18.0	6.0	15.0	0.0	0.0	0.0	0.0	2.0	0.0	0.0	0.0	0.0	0.0	0.0	0.0
OTU337	0.0	0.0	0.0	40.0	0.0	0.0	0.0	0.0	0.0	0.0	0.0	0.0	0.0	0.0	0.0
OTU338	0.0	0.0	0.0	0.0	0.0	40.0	0.0	0.0	0.0	0.0	0.0	0.0	0.0	0.0	0.0
OTU339	0.0	0.0	0.0	34.0	0.0	0.0	0.0	0.0	0.0	0.0	0.0	0.0	0.0	6.0	0.0
OTU340	0.0	0.0	1.0	37.0	0.0	2.0	0.0	0.0	0.0	0.0	0.0	0.0	0.0	0.0	0.0
OTU341	0.0	5.0	0.0	35.0	0.0	0.0	0.0	0.0	0.0	0.0	0.0	0.0	0.0	0.0	0.0
OTU342	0.0	0.0	0.0	40.0	0.0	0.0	0.0	0.0	0.0	0.0	0.0	0.0	0.0	0.0	0.0
OTU343	0.0	4.0	8.0	0.0	0.0	0.0	0.0	0.0	0.0	0.0	0.0	0.0	4.0	0.0	23.0
OTU344	0.0	0.0	0.0	0.0	11.0	0.0	0.0	0.0	0.0	1.0	2.0	2.0	1.0	20.0	2.0
OTU345	1.0	4.0	7.0	0.0	0.0	0.0	0.0	2.0	0.0	0.0	0.0	0.0	0.0	22.0	2.0
OTU346	0.0	2.0	2.0	30.0	0.0	0.0	0.0	1.0	3.0	0.0	0.0	0.0	0.0	0.0	0.0
OTU347	0.0	0.0	0.0	0.0	0.0	38.0	0.0	0.0	0.0	0.0	0.0	0.0	0.0	0.0	0.0
OTU348	0.0	0.0	0.0	0.0	0.0	0.0	0.0	0.0	0.0	0.0	0.0	0.0	0.0	37.0	0.0
OTU349	2.0	5.0	7.0	0.0	0.0	23.0	0.0	0.0	0.0	0.0	0.0	0.0	0.0	0.0	0.0
OTU350	0.0	0.0	12.0	0.0	0.0	25.0	0.0	0.0	0.0	0.0	0.0	0.0	0.0	0.0	0.0
OTU351	0.0	0.0	0.0	0.0	37.0	0.0	0.0	0.0	0.0	0.0	0.0	0.0	0.0	0.0	0.0
OTU352	0.0	0.0	0.0	0.0	0.0	0.0	0.0	0.0	0.0	3.0	0.0	0.0	0.0	33.0	0.0
OTU353	0.0	0.0	36.0	0.0	0.0	0.0	0.0	0.0	0.0	0.0	0.0	0.0	0.0	0.0	0.0
OTU354	0.0	0.0	0.0	0.0	0.0	27.0	0.0	0.0	0.0	0.0	0.0	0.0	0.0	0.0	9.0
OTU355	0.0	0.0	2.0	0.0	34.0	0.0	0.0	0.0	0.0	0.0	0.0	0.0	0.0	0.0	0.0
OTU356	0.0	0.0	20.0	15.0	0.0	0.0	0.0	0.0	0.0	0.0	0.0	0.0	0.0	0.0	0.0
OTU357	0.0	0.0	0.0	35.0	0.0	0.0	0.0	0.0	0.0	0.0	0.0	0.0	0.0	0.0	0.0
OTU358	0.0	0.0	0.0	0.0	0.0	0.0	0.0	0.0	0.0	0.0	0.0	0.0	0.0	35.0	0.0
OTU359	7.0	19.0	8.0	0.0	0.0	0.0	0.0	0.0	0.0	0.0	0.0	0.0	0.0	0.0	0.0
OTU360	0.0	2.0	0.0	0.0	0.0	27.0	0.0	0.0	0.0	4.0	0.0	0.0	0.0	0.0	1.0
OTU361	0.0	9.0	23.0	0.0	0.0	0.0	0.0	0.0	0.0	0.0	0.0	0.0	0.0	0.0	2.0
OTU362	8.0	0.0	5.0	0.0	0.0	0.0	0.0	0.0	1.0	0.0	0.0	0.0	13.0	0.0	7.0
OTU363	1.0	0.0	0.0	0.0	0.0	3.0	0.0	0.0	0.0	0.0	0.0	0.0	0.0	26.0	3.0
OTU364	0.0	0.0	0.0	33.0	0.0	0.0	0.0	0.0	0.0	0.0	0.0	0.0	0.0	0.0	0.0
OTU365	0.0	0.0	33.0	0.0	0.0	0.0	0.0	0.0	0.0	0.0	0.0	0.0	0.0	0.0	0.0
OTU366	0.0	0.0	0.0	0.0	0.0	33.0	0.0	0.0	0.0	0.0	0.0	0.0	0.0	0.0	0.0
OTU367	0.0	0.0	0.0	0.0	0.0	0.0	1.0	0.0	32.0	0.0	0.0	0.0	0.0	0.0	0.0
OTU368	0.0	0.0	0.0	6.0	0.0	27.0	0.0	0.0	0.0	0.0	0.0	0.0	0.0	0.0	0.0
OTU369	0.0	0.0	0.0	0.0	0.0	0.0	1.0	5.0	2.0	0.0	1.0	1.0	0.0	13.0	9.0
OTU370	0.0	0.0	0.0	21.0	0.0	0.0	0.0	0.0	0.0	0.0	0.0	0.0	0.0	11.0	0.0
OTU371	0.0	0.0	0.0	0.0	0.0	32.0	0.0	0.0	0.0	0.0	0.0	0.0	0.0	0.0	0.0
OTU372	0.0	0.0	0.0	0.0	0.0	0.0	2.0	15.0	3.0	0.0	0.0	0.0	0.0	12.0	0.0
OTU373	0.0	0.0	0.0	32.0	0.0	0.0	0.0	0.0	0.0	0.0	0.0	0.0	0.0	0.0	0.0
OTU374	0.0	0.0	0.0	0.0	0.0	0.0	0.0	1.0	0.0	0.0	0.0	0.0	0.0	31.0	0.0
OTU375	0.0	0.0	0.0	0.0	0.0	0.0	0.0	0.0	0.0	0.0	0.0	0.0	0.0	32.0	0.0
OTU376	28.0	0.0	0.0	0.0	0.0	0.0	0.0	0.0	0.0	0.0	0.0	0.0	4.0	0.0	0.0
OTU377	0.0	0.0	32.0	0.0	0.0	0.0	0.0	0.0	0.0	0.0	0.0	0.0	0.0	0.0	0.0
OTU378	0.0	0.0	0.0	0.0	31.0	0.0	0.0	0.0	0.0	0.0	0.0	0.0	0.0	0.0	0.0
OTU379	0.0	7.0	23.0	0.0	0.0	0.0	0.0	0.0	1.0	0.0	0.0	0.0	0.0	0.0	0.0
OTU380	0.0	0.0	2.0	20.0	0.0	0.0	0.0	0.0	0.0	0.0	0.0	0.0	0.0	0.0	9.0
OTU381	5.0	10.0	16.0	0.0	0.0	0.0	0.0	0.0	0.0	0.0	0.0	0.0	0.0	0.0	0.0
OTU382	1.0	0.0	0.0	3.0	0.0	0.0	0.0	0.0	0.0	1.0	0.0	0.0	0.0	9.0	17.0
OTU383	0.0	0.0	0.0	25.0	6.0	0.0	0.0	0.0	0.0	0.0	0.0	0.0	0.0	0.0	0.0
OTU384	0.0	0.0	0.0	0.0	0.0	0.0	0.0	0.0	0.0	0.0	0.0	0.0	0.0	31.0	0.0
OTU385	0.0	0.0	0.0	10.0	19.0	1.0	0.0	0.0	0.0	0.0	0.0	0.0	0.0	0.0	0.0
OTU386	0.0	0.0	0.0	30.0	0.0	0.0	0.0	0.0	0.0	0.0	0.0	0.0	0.0	0.0	0.0
OTU387	0.0	0.0	0.0	0.0	30.0	0.0	0.0	0.0	0.0	0.0	0.0	0.0	0.0	0.0	0.0
OTU388	0.0	0.0	0.0	0.0	0.0	0.0	0.0	0.0	0.0	0.0	0.0	0.0	0.0	29.0	1.0
OTU389	0.0	24.0	2.0	4.0	0.0	0.0	0.0	0.0	0.0	0.0	0.0	0.0	0.0	0.0	0.0
OTU390	3.0	0.0	0.0	0.0	0.0	0.0	1.0	6.0	0.0	0.0	0.0	0.0	0.0	0.0	20.0
OTU391	25.0	0.0	5.0	0.0	0.0	0.0	0.0	0.0	0.0	0.0	0.0	0.0	0.0	0.0	0.0
OTU392	0.0	0.0	0.0	0.0	0.0	6.0	0.0	0.0	0.0	0.0	0.0	0.0	0.0	24.0	0.0
OTU393	0.0	25.0	0.0	5.0	0.0	0.0	0.0	0.0	0.0	0.0	0.0	0.0	0.0	0.0	0.0
OTU394	0.0	0.0	30.0	0.0	0.0	0.0	0.0	0.0	0.0	0.0	0.0	0.0	0.0	0.0	0.0
OTU395	0.0	8.0	13.0	8.0	0.0	0.0	0.0	0.0	0.0	0.0	0.0	0.0	0.0	0.0	0.0
OTU396	5.0	4.0	5.0	15.0	0.0	0.0	0.0	0.0	0.0	0.0	0.0	0.0	0.0	0.0	0.0
OTU397	0.0	0.0	29.0	0.0	0.0	0.0	0.0	0.0	0.0	0.0	0.0	0.0	0.0	0.0	0.0
OTU398	0.0	0.0	0.0	0.0	0.0	0.0	1.0	0.0	0.0	0.0	0.0	0.0	0.0	28.0	0.0
OTU399	0.0	5.0	8.0	16.0	0.0	0.0	0.0	0.0	0.0	0.0	0.0	0.0	0.0	0.0	0.0
OTU400	0.0	0.0	0.0	0.0	0.0	15.0	0.0	0.0	0.0	0.0	0.0	0.0	0.0	13.0	0.0
OTU401	0.0	0.0	28.0	0.0	0.0	0.0	0.0	0.0	0.0	0.0	0.0	0.0	0.0	0.0	0.0
OTU402	0.0	0.0	0.0	0.0	0.0	0.0	0.0	0.0	0.0	0.0	0.0	0.0	10.0	0.0	18.0
OTU403	0.0	0.0	0.0	0.0	0.0	0.0	0.0	0.0	0.0	0.0	0.0	0.0	0.0	28.0	0.0
OTU404	3.0	3.0	19.0	0.0	0.0	0.0	0.0	0.0	0.0	0.0	0.0	0.0	0.0	3.0	0.0
OTU405	1.0	1.0	0.0	14.0	0.0	0.0	0.0	0.0	0.0	0.0	0.0	0.0	0.0	4.0	8.0
OTU406	0.0	2.0	23.0	2.0	1.0	0.0	0.0	0.0	0.0	0.0	0.0	0.0	0.0	0.0	0.0
OTU407	0.0	0.0	0.0	0.0	28.0	0.0	0.0	0.0	0.0	0.0	0.0	0.0	0.0	0.0	0.0
OTU408	0.0	0.0	0.0	0.0	0.0	0.0	0.0	1.0	0.0	2.0	3.0	3.0	0.0	18.0	0.0
OTU409	0.0	0.0	0.0	27.0	0.0	0.0	0.0	0.0	0.0	0.0	0.0	0.0	0.0	0.0	0.0
OTU410	8.0	15.0	4.0	0.0	0.0	0.0	0.0	0.0	0.0	0.0	0.0	0.0	0.0	0.0	0.0
OTU411	0.0	1.0	1.0	0.0	0.0	6.0	9.0	5.0	4.0	0.0	0.0	0.0	0.0	0.0	1.0
OTU412	0.0	0.0	0.0	0.0	0.0	0.0	0.0	0.0	0.0	0.0	0.0	0.0	0.0	0.0	27.0
OTU413	0.0	0.0	0.0	0.0	0.0	0.0	0.0	0.0	0.0	0.0	1.0	0.0	0.0	26.0	0.0
OTU414	0.0	0.0	0.0	27.0	0.0	0.0	0.0	0.0	0.0	0.0	0.0	0.0	0.0	0.0	0.0
OTU415	0.0	0.0	0.0	27.0	0.0	0.0	0.0	0.0	0.0	0.0	0.0	0.0	0.0	0.0	0.0
OTU416	0.0	0.0	0.0	0.0	0.0	0.0	0.0	0.0	0.0	0.0	0.0	0.0	0.0	27.0	0.0
OTU417	0.0	0.0	0.0	17.0	0.0	10.0	0.0	0.0	0.0	0.0	0.0	0.0	0.0	0.0	0.0
OTU418	0.0	0.0	0.0	27.0	0.0	0.0	0.0	0.0	0.0	0.0	0.0	0.0	0.0	0.0	0.0
OTU419	1.0	0.0	0.0	25.0	0.0	1.0	0.0	0.0	0.0	0.0	0.0	0.0	0.0	0.0	0.0
OTU420	0.0	0.0	0.0	0.0	0.0	0.0	0.0	0.0	0.0	0.0	0.0	0.0	0.0	27.0	0.0
OTU421	0.0	0.0	2.0	2.0	5.0	0.0	0.0	0.0	0.0	3.0	4.0	9.0	1.0	0.0	0.0
OTU422	0.0	0.0	0.0	0.0	0.0	0.0	0.0	0.0	0.0	9.0	9.0	8.0	0.0	0.0	0.0
OTU423	0.0	24.0	0.0	0.0	0.0	0.0	0.0	1.0	0.0	0.0	0.0	0.0	0.0	0.0	1.0
OTU424	0.0	2.0	3.0	9.0	0.0	0.0	0.0	0.0	0.0	0.0	0.0	0.0	0.0	12.0	0.0
OTU425	3.0	2.0	8.0	13.0	0.0	0.0	0.0	0.0	0.0	0.0	0.0	0.0	0.0	0.0	0.0
OTU426	0.0	0.0	0.0	0.0	0.0	0.0	0.0	0.0	0.0	0.0	0.0	0.0	0.0	26.0	0.0
OTU427	0.0	0.0	0.0	0.0	0.0	0.0	0.0	0.0	0.0	0.0	0.0	0.0	0.0	0.0	26.0
OTU428	0.0	0.0	0.0	0.0	0.0	0.0	0.0	0.0	0.0	15.0	3.0	8.0	0.0	0.0	0.0
OTU429	0.0	0.0	0.0	26.0	0.0	0.0	0.0	0.0	0.0	0.0	0.0	0.0	0.0	0.0	0.0
OTU430	0.0	0.0	0.0	17.0	0.0	9.0	0.0	0.0	0.0	0.0	0.0	0.0	0.0	0.0	0.0
OTU431	0.0	0.0	0.0	21.0	0.0	0.0	0.0	3.0	0.0	0.0	0.0	0.0	2.0	0.0	0.0
OTU432	0.0	0.0	0.0	0.0	0.0	0.0	0.0	0.0	0.0	0.0	0.0	0.0	0.0	0.0	26.0
OTU433	4.0	1.0	20.0	0.0	0.0	0.0	0.0	0.0	0.0	0.0	0.0	0.0	1.0	0.0	0.0
OTU434	0.0	0.0	0.0	0.0	26.0	0.0	0.0	0.0	0.0	0.0	0.0	0.0	0.0	0.0	0.0
OTU435	0.0	0.0	0.0	0.0	26.0	0.0	0.0	0.0	0.0	0.0	0.0	0.0	0.0	0.0	0.0
OTU436	0.0	0.0	25.0	0.0	0.0	0.0	0.0	0.0	0.0	0.0	0.0	0.0	0.0	0.0	0.0
OTU437	0.0	0.0	2.0	0.0	0.0	22.0	0.0	1.0	0.0	0.0	0.0	0.0	0.0	0.0	0.0
OTU438	1.0	8.0	13.0	0.0	0.0	0.0	0.0	0.0	0.0	0.0	0.0	0.0	0.0	0.0	3.0
OTU439	24.0	1.0	0.0	0.0	0.0	0.0	0.0	0.0	0.0	0.0	0.0	0.0	0.0	0.0	0.0
OTU440	0.0	3.0	0.0	0.0	0.0	22.0	0.0	0.0	0.0	0.0	0.0	0.0	0.0	0.0	0.0
OTU441	0.0	0.0	0.0	25.0	0.0	0.0	0.0	0.0	0.0	0.0	0.0	0.0	0.0	0.0	0.0
OTU442	0.0	0.0	0.0	25.0	0.0	0.0	0.0	0.0	0.0	0.0	0.0	0.0	0.0	0.0	0.0
OTU443	0.0	0.0	0.0	0.0	1.0	0.0	11.0	5.0	2.0	0.0	1.0	1.0	0.0	4.0	0.0
OTU444	0.0	0.0	1.0	24.0	0.0	0.0	0.0	0.0	0.0	0.0	0.0	0.0	0.0	0.0	0.0
OTU445	0.0	0.0	0.0	0.0	24.0	0.0	0.0	0.0	0.0	0.0	0.0	0.0	0.0	0.0	0.0
OTU446	0.0	0.0	0.0	0.0	24.0	0.0	0.0	0.0	0.0	0.0	0.0	0.0	0.0	0.0	0.0
OTU447	0.0	0.0	24.0	0.0	0.0	0.0	0.0	0.0	0.0	0.0	0.0	0.0	0.0	0.0	0.0
OTU448	3.0	0.0	0.0	0.0	0.0	19.0	0.0	0.0	0.0	0.0	0.0	0.0	0.0	0.0	2.0
OTU449	0.0	0.0	0.0	0.0	0.0	0.0	0.0	0.0	0.0	0.0	0.0	0.0	0.0	24.0	0.0
OTU450	4.0	20.0	0.0	0.0	0.0	0.0	0.0	0.0	0.0	0.0	0.0	0.0	0.0	0.0	0.0
OTU451	0.0	0.0	0.0	0.0	0.0	0.0	0.0	0.0	0.0	0.0	0.0	0.0	0.0	24.0	0.0
OTU452	5.0	0.0	13.0	0.0	0.0	0.0	0.0	0.0	0.0	0.0	0.0	0.0	0.0	6.0	0.0
OTU453	0.0	0.0	24.0	0.0	0.0	0.0	0.0	0.0	0.0	0.0	0.0	0.0	0.0	0.0	0.0
OTU454	0.0	0.0	0.0	0.0	0.0	24.0	0.0	0.0	0.0	0.0	0.0	0.0	0.0	0.0	0.0
OTU455	0.0	0.0	0.0	5.0	0.0	0.0	0.0	0.0	0.0	15.0	1.0	3.0	0.0	0.0	0.0
OTU456	0.0	4.0	0.0	0.0	0.0	0.0	0.0	0.0	0.0	0.0	0.0	0.0	0.0	0.0	20.0
OTU457	0.0	0.0	5.0	0.0	15.0	0.0	1.0	0.0	0.0	0.0	0.0	0.0	0.0	0.0	3.0
OTU458	0.0	0.0	0.0	0.0	0.0	0.0	0.0	0.0	0.0	0.0	0.0	0.0	0.0	24.0	0.0
OTU459	1.0	0.0	0.0	10.0	0.0	0.0	0.0	0.0	0.0	0.0	0.0	0.0	0.0	8.0	5.0
OTU460	0.0	0.0	0.0	0.0	0.0	0.0	0.0	0.0	0.0	12.0	6.0	5.0	0.0	0.0	0.0
OTU461	0.0	0.0	0.0	0.0	0.0	0.0	0.0	0.0	0.0	0.0	0.0	0.0	0.0	23.0	0.0
OTU462	0.0	0.0	0.0	0.0	0.0	0.0	0.0	0.0	0.0	0.0	0.0	0.0	0.0	23.0	0.0
OTU463	0.0	0.0	0.0	0.0	0.0	0.0	0.0	0.0	0.0	0.0	0.0	0.0	2.0	21.0	0.0
OTU464	3.0	0.0	3.0	17.0	0.0	0.0	0.0	0.0	0.0	0.0	0.0	0.0	0.0	0.0	0.0
OTU465	0.0	23.0	0.0	0.0	0.0	0.0	0.0	0.0	0.0	0.0	0.0	0.0	0.0	0.0	0.0
OTU466	0.0	0.0	0.0	0.0	23.0	0.0	0.0	0.0	0.0	0.0	0.0	0.0	0.0	0.0	0.0
OTU467	0.0	0.0	0.0	0.0	0.0	0.0	0.0	0.0	0.0	6.0	8.0	9.0	0.0	0.0	0.0
OTU468	0.0	0.0	0.0	0.0	0.0	0.0	0.0	0.0	0.0	0.0	0.0	0.0	0.0	0.0	23.0
OTU469	0.0	0.0	0.0	0.0	0.0	0.0	0.0	0.0	0.0	4.0	13.0	6.0	0.0	0.0	0.0
OTU470	0.0	0.0	0.0	23.0	0.0	0.0	0.0	0.0	0.0	0.0	0.0	0.0	0.0	0.0	0.0
OTU471	0.0	0.0	0.0	0.0	0.0	0.0	0.0	0.0	0.0	0.0	1.0	0.0	0.0	22.0	0.0
OTU472	2.0	0.0	2.0	0.0	2.0	3.0	1.0	0.0	1.0	1.0	0.0	4.0	0.0	2.0	5.0
OTU473	4.0	0.0	8.0	6.0	0.0	0.0	0.0	0.0	0.0	0.0	0.0	0.0	0.0	4.0	0.0
OTU474	0.0	0.0	0.0	0.0	22.0	0.0	0.0	0.0	0.0	0.0	0.0	0.0	0.0	0.0	0.0
OTU475	0.0	0.0	0.0	12.0	0.0	0.0	0.0	0.0	0.0	0.0	0.0	0.0	0.0	10.0	0.0
OTU476	0.0	0.0	0.0	20.0	0.0	0.0	0.0	0.0	0.0	0.0	0.0	2.0	0.0	0.0	0.0
OTU477	0.0	0.0	8.0	0.0	0.0	0.0	0.0	0.0	0.0	0.0	0.0	0.0	0.0	0.0	14.0
OTU478	0.0	0.0	0.0	0.0	22.0	0.0	0.0	0.0	0.0	0.0	0.0	0.0	0.0	0.0	0.0
OTU479	8.0	12.0	2.0	0.0	0.0	0.0	0.0	0.0	0.0	0.0	0.0	0.0	0.0	0.0	0.0
OTU480	9.0	0.0	6.0	0.0	0.0	0.0	0.0	0.0	0.0	0.0	0.0	0.0	0.0	3.0	4.0
OTU481	0.0	0.0	10.0	12.0	0.0	0.0	0.0	0.0	0.0	0.0	0.0	0.0	0.0	0.0	0.0
OTU482	0.0	0.0	0.0	0.0	0.0	0.0	0.0	0.0	0.0	0.0	0.0	0.0	0.0	22.0	0.0
OTU483	0.0	0.0	0.0	0.0	0.0	0.0	0.0	0.0	0.0	0.0	0.0	0.0	0.0	8.0	13.0
OTU484	1.0	0.0	0.0	20.0	0.0	0.0	0.0	0.0	0.0	0.0	0.0	0.0	0.0	0.0	0.0
OTU485	5.0	0.0	0.0	0.0	0.0	0.0	0.0	0.0	0.0	0.0	0.0	0.0	0.0	16.0	0.0
OTU486	0.0	0.0	1.0	0.0	20.0	0.0	0.0	0.0	0.0	0.0	0.0	0.0	0.0	0.0	0.0
OTU487	0.0	0.0	0.0	0.0	0.0	0.0	0.0	0.0	0.0	0.0	0.0	0.0	0.0	21.0	0.0
OTU488	0.0	0.0	0.0	0.0	21.0	0.0	0.0	0.0	0.0	0.0	0.0	0.0	0.0	0.0	0.0
OTU489	0.0	0.0	0.0	0.0	0.0	0.0	14.0	0.0	6.0	1.0	0.0	0.0	0.0	0.0	0.0
OTU490	0.0	0.0	0.0	0.0	21.0	0.0	0.0	0.0	0.0	0.0	0.0	0.0	0.0	0.0	0.0
OTU491	1.0	6.0	0.0	0.0	0.0	0.0	2.0	0.0	1.0	0.0	1.0	0.0	0.0	8.0	2.0
OTU492	0.0	0.0	0.0	0.0	0.0	0.0	0.0	0.0	0.0	0.0	0.0	0.0	0.0	21.0	0.0
OTU493	0.0	5.0	2.0	14.0	0.0	0.0	0.0	0.0	0.0	0.0	0.0	0.0	0.0	0.0	0.0
OTU494	0.0	0.0	1.0	0.0	0.0	9.0	0.0	0.0	0.0	0.0	0.0	0.0	0.0	11.0	0.0
OTU495	1.0	1.0	0.0	0.0	0.0	0.0	0.0	0.0	0.0	0.0	0.0	0.0	0.0	0.0	19.0
OTU496	0.0	0.0	0.0	11.0	0.0	0.0	0.0	0.0	0.0	0.0	0.0	0.0	1.0	9.0	0.0
OTU497	0.0	1.0	0.0	18.0	1.0	0.0	0.0	0.0	0.0	0.0	0.0	0.0	0.0	0.0	0.0
OTU498	0.0	0.0	0.0	0.0	0.0	0.0	0.0	0.0	0.0	0.0	0.0	0.0	0.0	20.0	0.0
OTU499	20.0	0.0	0.0	0.0	0.0	0.0	0.0	0.0	0.0	0.0	0.0	0.0	0.0	0.0	0.0
OTU500	0.0	20.0	0.0	0.0	0.0	0.0	0.0	0.0	0.0	0.0	0.0	0.0	0.0	0.0	0.0
OTU501	6.0	9.0	5.0	0.0	0.0	0.0	0.0	0.0	0.0	0.0	0.0	0.0	0.0	0.0	0.0
OTU502	0.0	0.0	0.0	0.0	0.0	0.0	0.0	0.0	0.0	0.0	0.0	0.0	0.0	0.0	20.0
OTU503	0.0	0.0	0.0	0.0	0.0	0.0	0.0	0.0	0.0	0.0	0.0	0.0	0.0	20.0	0.0
OTU504	0.0	0.0	2.0	5.0	0.0	0.0	0.0	0.0	0.0	0.0	0.0	0.0	0.0	13.0	0.0
OTU505	0.0	0.0	7.0	13.0	0.0	0.0	0.0	0.0	0.0	0.0	0.0	0.0	0.0	0.0	0.0
OTU506	0.0	0.0	0.0	0.0	0.0	20.0	0.0	0.0	0.0	0.0	0.0	0.0	0.0	0.0	0.0
OTU507	2.0	0.0	17.0	0.0	0.0	0.0	0.0	0.0	0.0	0.0	0.0	0.0	1.0	0.0	0.0
OTU508	1.0	6.0	1.0	2.0	2.0	0.0	0.0	1.0	0.0	0.0	0.0	0.0	0.0	1.0	6.0
OTU509	0.0	0.0	6.0	0.0	0.0	0.0	0.0	0.0	0.0	3.0	4.0	6.0	0.0	0.0	0.0
OTU510	8.0	4.0	0.0	0.0	0.0	0.0	0.0	0.0	0.0	0.0	0.0	0.0	4.0	3.0	0.0
OTU511	0.0	0.0	0.0	0.0	0.0	0.0	0.0	0.0	0.0	0.0	0.0	0.0	4.0	0.0	15.0
OTU512	1.0	3.0	1.0	14.0	0.0	0.0	0.0	0.0	0.0	0.0	0.0	0.0	0.0	0.0	0.0
OTU513	0.0	1.0	0.0	0.0	18.0	0.0	0.0	0.0	0.0	0.0	0.0	0.0	0.0	0.0	0.0
OTU514	0.0	0.0	0.0	19.0	0.0	0.0	0.0	0.0	0.0	0.0	0.0	0.0	0.0	0.0	0.0
OTU515	2.0	2.0	1.0	11.0	0.0	0.0	0.0	1.0	0.0	0.0	0.0	0.0	2.0	0.0	0.0
OTU516	0.0	0.0	0.0	0.0	0.0	0.0	0.0	0.0	0.0	0.0	0.0	0.0	0.0	0.0	19.0
OTU517	1.0	3.0	0.0	0.0	0.0	0.0	0.0	0.0	0.0	0.0	0.0	0.0	0.0	15.0	0.0
OTU518	0.0	0.0	0.0	19.0	0.0	0.0	0.0	0.0	0.0	0.0	0.0	0.0	0.0	0.0	0.0
OTU519	0.0	0.0	8.0	7.0	0.0	0.0	0.0	0.0	4.0	0.0	0.0	0.0	0.0	0.0	0.0
OTU520	0.0	0.0	0.0	0.0	19.0	0.0	0.0	0.0	0.0	0.0	0.0	0.0	0.0	0.0	0.0
OTU521	1.0	5.0	12.0	0.0	0.0	0.0	0.0	0.0	0.0	0.0	0.0	0.0	0.0	0.0	0.0
OTU522	11.0	4.0	2.0	0.0	0.0	0.0	0.0	0.0	0.0	0.0	0.0	0.0	1.0	0.0	0.0
OTU523	0.0	0.0	0.0	0.0	0.0	0.0	0.0	0.0	0.0	0.0	0.0	0.0	0.0	18.0	0.0
OTU524	0.0	1.0	0.0	0.0	17.0	0.0	0.0	0.0	0.0	0.0	0.0	0.0	0.0	0.0	0.0
OTU525	0.0	0.0	0.0	0.0	0.0	18.0	0.0	0.0	0.0	0.0	0.0	0.0	0.0	0.0	0.0
OTU526	0.0	0.0	0.0	0.0	0.0	0.0	0.0	0.0	0.0	0.0	0.0	0.0	0.0	0.0	18.0
OTU527	0.0	0.0	18.0	0.0	0.0	0.0	0.0	0.0	0.0	0.0	0.0	0.0	0.0	0.0	0.0
OTU528	0.0	0.0	0.0	0.0	0.0	0.0	0.0	0.0	0.0	0.0	0.0	0.0	0.0	0.0	18.0
OTU529	0.0	0.0	0.0	1.0	0.0	0.0	0.0	0.0	0.0	0.0	0.0	0.0	0.0	17.0	0.0
OTU530	0.0	0.0	0.0	0.0	0.0	0.0	0.0	0.0	0.0	0.0	0.0	0.0	0.0	0.0	18.0
OTU531	0.0	0.0	1.0	16.0	0.0	0.0	0.0	0.0	0.0	0.0	0.0	1.0	0.0	0.0	0.0
OTU532	0.0	0.0	0.0	0.0	0.0	17.0	0.0	0.0	0.0	0.0	0.0	0.0	0.0	0.0	0.0
OTU533	0.0	2.0	0.0	10.0	0.0	0.0	2.0	0.0	0.0	0.0	0.0	0.0	0.0	3.0	0.0
OTU534	0.0	0.0	1.0	0.0	0.0	0.0	0.0	0.0	0.0	0.0	0.0	0.0	0.0	16.0	0.0
OTU535	0.0	12.0	2.0	2.0	0.0	0.0	0.0	0.0	0.0	0.0	0.0	0.0	1.0	0.0	0.0
OTU536	17.0	0.0	0.0	0.0	0.0	0.0	0.0	0.0	0.0	0.0	0.0	0.0	0.0	0.0	0.0
OTU537	0.0	0.0	0.0	0.0	0.0	17.0	0.0	0.0	0.0	0.0	0.0	0.0	0.0	0.0	0.0
OTU538	0.0	0.0	17.0	0.0	0.0	0.0	0.0	0.0	0.0	0.0	0.0	0.0	0.0	0.0	0.0
OTU539	0.0	0.0	13.0	3.0	0.0	0.0	0.0	1.0	0.0	0.0	0.0	0.0	0.0	0.0	0.0
OTU540	5.0	0.0	11.0	0.0	0.0	0.0	0.0	0.0	0.0	0.0	0.0	0.0	0.0	0.0	1.0
OTU541	1.0	2.0	12.0	0.0	0.0	0.0	0.0	0.0	0.0	0.0	0.0	0.0	2.0	0.0	0.0
OTU542	0.0	0.0	0.0	0.0	0.0	0.0	0.0	0.0	0.0	0.0	0.0	0.0	0.0	17.0	0.0
OTU543	0.0	1.0	7.0	8.0	0.0	0.0	0.0	0.0	0.0	0.0	0.0	0.0	0.0	0.0	0.0
OTU544	0.0	0.0	0.0	0.0	0.0	0.0	0.0	0.0	0.0	0.0	0.0	0.0	0.0	0.0	16.0
OTU545	0.0	0.0	0.0	0.0	0.0	16.0	0.0	0.0	0.0	0.0	0.0	0.0	0.0	0.0	0.0
OTU546	0.0	0.0	0.0	0.0	0.0	0.0	0.0	0.0	0.0	0.0	0.0	0.0	0.0	2.0	14.0
OTU547	0.0	0.0	0.0	0.0	0.0	0.0	0.0	0.0	0.0	0.0	0.0	0.0	0.0	16.0	0.0
OTU548	0.0	0.0	0.0	0.0	0.0	2.0	0.0	0.0	0.0	0.0	0.0	0.0	0.0	14.0	0.0
OTU549	6.0	0.0	0.0	0.0	0.0	0.0	0.0	0.0	0.0	0.0	0.0	0.0	0.0	10.0	0.0
OTU550	0.0	0.0	0.0	16.0	0.0	0.0	0.0	0.0	0.0	0.0	0.0	0.0	0.0	0.0	0.0
OTU551	0.0	0.0	0.0	0.0	16.0	0.0	0.0	0.0	0.0	0.0	0.0	0.0	0.0	0.0	0.0
OTU552	0.0	0.0	0.0	11.0	1.0	1.0	0.0	0.0	0.0	0.0	0.0	0.0	0.0	0.0	3.0
OTU553	0.0	0.0	0.0	0.0	0.0	0.0	0.0	0.0	0.0	0.0	0.0	0.0	0.0	16.0	0.0
OTU554	3.0	13.0	0.0	0.0	0.0	0.0	0.0	0.0	0.0	0.0	0.0	0.0	0.0	0.0	0.0
OTU555	0.0	2.0	14.0	0.0	0.0	0.0	0.0	0.0	0.0	0.0	0.0	0.0	0.0	0.0	0.0
OTU556	7.0	7.0	2.0	0.0	0.0	0.0	0.0	0.0	0.0	0.0	0.0	0.0	0.0	0.0	0.0
OTU557	9.0	7.0	0.0	0.0	0.0	0.0	0.0	0.0	0.0	0.0	0.0	0.0	0.0	0.0	0.0
OTU558	12.0	0.0	3.0	0.0	0.0	0.0	0.0	0.0	0.0	0.0	0.0	0.0	0.0	0.0	0.0
OTU559	0.0	0.0	0.0	0.0	0.0	0.0	0.0	0.0	0.0	0.0	0.0	0.0	0.0	15.0	0.0
OTU560	0.0	0.0	0.0	0.0	0.0	15.0	0.0	0.0	0.0	0.0	0.0	0.0	0.0	0.0	0.0
OTU561	1.0	4.0	0.0	0.0	0.0	0.0	0.0	0.0	0.0	0.0	0.0	0.0	1.0	9.0	0.0
OTU562	0.0	0.0	0.0	0.0	0.0	0.0	0.0	0.0	0.0	0.0	0.0	0.0	0.0	0.0	15.0
OTU563	0.0	0.0	15.0	0.0	0.0	0.0	0.0	0.0	0.0	0.0	0.0	0.0	0.0	0.0	0.0
OTU564	0.0	0.0	0.0	0.0	0.0	0.0	0.0	0.0	0.0	0.0	0.0	0.0	0.0	0.0	15.0
OTU565	0.0	0.0	0.0	15.0	0.0	0.0	0.0	0.0	0.0	0.0	0.0	0.0	0.0	0.0	0.0
OTU566	0.0	0.0	0.0	0.0	0.0	7.0	0.0	0.0	0.0	0.0	0.0	0.0	0.0	5.0	3.0
OTU567	0.0	0.0	15.0	0.0	0.0	0.0	0.0	0.0	0.0	0.0	0.0	0.0	0.0	0.0	0.0
OTU568	0.0	2.0	0.0	0.0	0.0	0.0	0.0	0.0	0.0	0.0	0.0	0.0	0.0	13.0	0.0
OTU569	0.0	0.0	15.0	0.0	0.0	0.0	0.0	0.0	0.0	0.0	0.0	0.0	0.0	0.0	0.0
OTU570	0.0	0.0	0.0	15.0	0.0	0.0	0.0	0.0	0.0	0.0	0.0	0.0	0.0	0.0	0.0
OTU571	0.0	0.0	0.0	0.0	0.0	0.0	0.0	0.0	0.0	0.0	0.0	0.0	0.0	0.0	15.0
OTU572	0.0	0.0	2.0	0.0	0.0	0.0	1.0	0.0	0.0	0.0	0.0	0.0	0.0	0.0	12.0
OTU573	0.0	0.0	4.0	0.0	0.0	0.0	0.0	0.0	0.0	0.0	0.0	0.0	0.0	0.0	11.0
OTU574	0.0	0.0	0.0	0.0	0.0	0.0	0.0	0.0	0.0	0.0	0.0	0.0	0.0	15.0	0.0
OTU575	0.0	0.0	0.0	0.0	15.0	0.0	0.0	0.0	0.0	0.0	0.0	0.0	0.0	0.0	0.0
OTU576	0.0	0.0	0.0	0.0	0.0	5.0	0.0	0.0	0.0	0.0	0.0	0.0	0.0	10.0	0.0
OTU577	8.0	3.0	2.0	0.0	0.0	0.0	0.0	1.0	0.0	0.0	0.0	0.0	0.0	0.0	0.0
OTU578	0.0	0.0	0.0	0.0	0.0	0.0	0.0	0.0	0.0	0.0	0.0	0.0	0.0	14.0	0.0
OTU579	0.0	0.0	0.0	0.0	0.0	0.0	0.0	0.0	0.0	3.0	7.0	4.0	0.0	0.0	0.0
OTU580	2.0	4.0	8.0	0.0	0.0	0.0	0.0	0.0	0.0	0.0	0.0	0.0	0.0	0.0	0.0
OTU581	0.0	0.0	0.0	0.0	0.0	14.0	0.0	0.0	0.0	0.0	0.0	0.0	0.0	0.0	0.0
OTU582	0.0	0.0	0.0	14.0	0.0	0.0	0.0	0.0	0.0	0.0	0.0	0.0	0.0	0.0	0.0
OTU583	0.0	0.0	0.0	14.0	0.0	0.0	0.0	0.0	0.0	0.0	0.0	0.0	0.0	0.0	0.0
OTU584	0.0	0.0	0.0	0.0	0.0	0.0	0.0	0.0	0.0	5.0	5.0	4.0	0.0	0.0	0.0
OTU585	0.0	0.0	0.0	0.0	0.0	14.0	0.0	0.0	0.0	0.0	0.0	0.0	0.0	0.0	0.0
OTU586	0.0	0.0	1.0	13.0	0.0	0.0	0.0	0.0	0.0	0.0	0.0	0.0	0.0	0.0	0.0
OTU587	0.0	4.0	10.0	0.0	0.0	0.0	0.0	0.0	0.0	0.0	0.0	0.0	0.0	0.0	0.0
OTU588	0.0	0.0	0.0	0.0	0.0	0.0	0.0	0.0	0.0	0.0	0.0	0.0	0.0	14.0	0.0
OTU589	0.0	0.0	0.0	0.0	0.0	0.0	1.0	0.0	0.0	0.0	0.0	0.0	0.0	13.0	0.0
OTU590	0.0	0.0	0.0	0.0	0.0	0.0	0.0	0.0	0.0	0.0	0.0	0.0	0.0	14.0	0.0
OTU591	0.0	7.0	2.0	5.0	0.0	0.0	0.0	0.0	0.0	0.0	0.0	0.0	0.0	0.0	0.0
OTU592	4.0	2.0	0.0	2.0	0.0	4.0	0.0	0.0	0.0	0.0	0.0	0.0	1.0	0.0	1.0
OTU593	0.0	0.0	0.0	0.0	0.0	0.0	0.0	0.0	0.0	0.0	0.0	0.0	0.0	14.0	0.0
OTU594	0.0	0.0	0.0	14.0	0.0	0.0	0.0	0.0	0.0	0.0	0.0	0.0	0.0	0.0	0.0
OTU595	1.0	0.0	0.0	0.0	0.0	0.0	0.0	0.0	1.0	0.0	0.0	0.0	0.0	0.0	12.0
OTU596	1.0	0.0	13.0	0.0	0.0	0.0	0.0	0.0	0.0	0.0	0.0	0.0	0.0	0.0	0.0
OTU597	0.0	0.0	0.0	0.0	0.0	0.0	0.0	0.0	0.0	0.0	0.0	0.0	0.0	14.0	0.0
OTU598	0.0	9.0	4.0	0.0	0.0	0.0	0.0	1.0	0.0	0.0	0.0	0.0	0.0	0.0	0.0
OTU599	0.0	0.0	0.0	0.0	14.0	0.0	0.0	0.0	0.0	0.0	0.0	0.0	0.0	0.0	0.0
OTU600	0.0	1.0	0.0	13.0	0.0	0.0	0.0	0.0	0.0	0.0	0.0	0.0	0.0	0.0	0.0
OTU601	2.0	7.0	4.0	0.0	0.0	0.0	0.0	0.0	0.0	0.0	0.0	0.0	0.0	0.0	0.0
OTU602	0.0	0.0	0.0	0.0	13.0	0.0	0.0	0.0	0.0	0.0	0.0	0.0	0.0	0.0	0.0
OTU603	0.0	0.0	0.0	13.0	0.0	0.0	0.0	0.0	0.0	0.0	0.0	0.0	0.0	0.0	0.0
OTU604	0.0	0.0	0.0	0.0	0.0	13.0	0.0	0.0	0.0	0.0	0.0	0.0	0.0	0.0	0.0
OTU605	0.0	0.0	0.0	0.0	0.0	0.0	0.0	0.0	0.0	0.0	0.0	0.0	0.0	13.0	0.0
OTU606	0.0	0.0	0.0	0.0	0.0	0.0	0.0	0.0	0.0	0.0	0.0	0.0	1.0	4.0	8.0
OTU607	0.0	0.0	0.0	0.0	13.0	0.0	0.0	0.0	0.0	0.0	0.0	0.0	0.0	0.0	0.0
OTU608	0.0	0.0	2.0	0.0	0.0	0.0	0.0	0.0	0.0	0.0	0.0	0.0	0.0	11.0	0.0
OTU609	0.0	0.0	0.0	7.0	0.0	0.0	1.0	0.0	0.0	0.0	0.0	0.0	0.0	0.0	5.0
OTU610	0.0	0.0	0.0	0.0	0.0	0.0	0.0	0.0	0.0	0.0	0.0	0.0	0.0	13.0	0.0
OTU611	1.0	4.0	0.0	0.0	0.0	1.0	0.0	0.0	0.0	0.0	1.0	0.0	2.0	0.0	4.0
OTU612	0.0	0.0	6.0	0.0	0.0	0.0	0.0	0.0	0.0	0.0	0.0	0.0	0.0	7.0	0.0
OTU613	0.0	13.0	0.0	0.0	0.0	0.0	0.0	0.0	0.0	0.0	0.0	0.0	0.0	0.0	0.0
OTU614	0.0	1.0	0.0	0.0	0.0	9.0	0.0	0.0	0.0	0.0	0.0	0.0	0.0	2.0	0.0
OTU615	0.0	1.0	1.0	0.0	0.0	0.0	0.0	0.0	0.0	0.0	0.0	0.0	0.0	10.0	0.0
OTU616	0.0	0.0	12.0	0.0	0.0	0.0	0.0	0.0	0.0	0.0	0.0	0.0	0.0	0.0	0.0
OTU617	0.0	12.0	0.0	0.0	0.0	0.0	0.0	0.0	0.0	0.0	0.0	0.0	0.0	0.0	0.0
OTU618	0.0	1.0	0.0	0.0	0.0	7.0	0.0	0.0	2.0	0.0	0.0	0.0	0.0	0.0	2.0
OTU619	0.0	0.0	0.0	0.0	0.0	0.0	1.0	6.0	4.0	0.0	1.0	0.0	0.0	0.0	0.0
OTU620	0.0	2.0	10.0	0.0	0.0	0.0	0.0	0.0	0.0	0.0	0.0	0.0	0.0	0.0	0.0
OTU621	0.0	0.0	12.0	0.0	0.0	0.0	0.0	0.0	0.0	0.0	0.0	0.0	0.0	0.0	0.0
OTU622	0.0	0.0	12.0	0.0	0.0	0.0	0.0	0.0	0.0	0.0	0.0	0.0	0.0	0.0	0.0
OTU623	0.0	0.0	0.0	0.0	0.0	0.0	0.0	1.0	0.0	0.0	0.0	0.0	0.0	11.0	0.0
OTU624	0.0	0.0	1.0	11.0	0.0	0.0	0.0	0.0	0.0	0.0	0.0	0.0	0.0	0.0	0.0
OTU625	0.0	0.0	0.0	0.0	0.0	0.0	0.0	0.0	0.0	0.0	0.0	0.0	0.0	12.0	0.0
OTU626	0.0	0.0	6.0	6.0	0.0	0.0	0.0	0.0	0.0	0.0	0.0	0.0	0.0	0.0	0.0
OTU627	6.0	6.0	0.0	0.0	0.0	0.0	0.0	0.0	0.0	0.0	0.0	0.0	0.0	0.0	0.0
OTU628	0.0	0.0	12.0	0.0	0.0	0.0	0.0	0.0	0.0	0.0	0.0	0.0	0.0	0.0	0.0
OTU629	0.0	0.0	0.0	12.0	0.0	0.0	0.0	0.0	0.0	0.0	0.0	0.0	0.0	0.0	0.0
OTU630	6.0	0.0	6.0	0.0	0.0	0.0	0.0	0.0	0.0	0.0	0.0	0.0	0.0	0.0	0.0
OTU631	1.0	0.0	3.0	0.0	0.0	0.0	0.0	0.0	0.0	0.0	0.0	0.0	0.0	0.0	8.0
OTU632	0.0	0.0	12.0	0.0	0.0	0.0	0.0	0.0	0.0	0.0	0.0	0.0	0.0	0.0	0.0
OTU633	0.0	0.0	0.0	0.0	0.0	0.0	0.0	0.0	0.0	0.0	0.0	0.0	0.0	12.0	0.0
OTU634	0.0	0.0	0.0	10.0	0.0	0.0	0.0	0.0	2.0	0.0	0.0	0.0	0.0	0.0	0.0
OTU635	1.0	0.0	0.0	9.0	0.0	0.0	0.0	0.0	0.0	0.0	0.0	0.0	0.0	1.0	0.0
OTU636	8.0	2.0	1.0	0.0	0.0	0.0	0.0	0.0	0.0	0.0	0.0	0.0	0.0	0.0	0.0
OTU637	0.0	0.0	0.0	0.0	0.0	1.0	0.0	0.0	0.0	0.0	0.0	0.0	0.0	8.0	2.0
OTU638	0.0	0.0	2.0	0.0	0.0	0.0	0.0	0.0	0.0	2.0	0.0	1.0	0.0	6.0	0.0
OTU639	0.0	0.0	0.0	0.0	0.0	0.0	0.0	0.0	0.0	0.0	0.0	0.0	0.0	0.0	11.0
OTU640	0.0	0.0	0.0	0.0	0.0	0.0	0.0	1.0	0.0	0.0	0.0	0.0	0.0	0.0	10.0
OTU641	0.0	0.0	0.0	0.0	11.0	0.0	0.0	0.0	0.0	0.0	0.0	0.0	0.0	0.0	0.0
OTU642	1.0	0.0	9.0	0.0	0.0	0.0	0.0	1.0	0.0	0.0	0.0	0.0	0.0	0.0	0.0
OTU643	0.0	1.0	2.0	0.0	0.0	8.0	0.0	0.0	0.0	0.0	0.0	0.0	0.0	0.0	0.0
OTU644	0.0	1.0	2.0	8.0	0.0	0.0	0.0	0.0	0.0	0.0	0.0	0.0	0.0	0.0	0.0
OTU645	0.0	1.0	7.0	0.0	0.0	0.0	0.0	0.0	0.0	0.0	0.0	0.0	0.0	0.0	3.0
OTU646	0.0	0.0	0.0	0.0	0.0	0.0	0.0	0.0	0.0	0.0	0.0	0.0	0.0	0.0	11.0
OTU647	10.0	0.0	1.0	0.0	0.0	0.0	0.0	0.0	0.0	0.0	0.0	0.0	0.0	0.0	0.0
OTU648	5.0	0.0	6.0	0.0	0.0	0.0	0.0	0.0	0.0	0.0	0.0	0.0	0.0	0.0	0.0
OTU649	5.0	0.0	2.0	3.0	0.0	0.0	0.0	0.0	0.0	0.0	0.0	0.0	1.0	0.0	0.0
OTU650	0.0	0.0	11.0	0.0	0.0	0.0	0.0	0.0	0.0	0.0	0.0	0.0	0.0	0.0	0.0
OTU651	0.0	0.0	0.0	0.0	0.0	0.0	0.0	0.0	0.0	0.0	0.0	0.0	0.0	0.0	11.0
OTU652	2.0	0.0	9.0	0.0	0.0	0.0	0.0	0.0	0.0	0.0	0.0	0.0	0.0	0.0	0.0
OTU653	0.0	0.0	0.0	0.0	0.0	4.0	0.0	0.0	0.0	0.0	0.0	0.0	0.0	7.0	0.0
OTU654	0.0	0.0	0.0	0.0	0.0	0.0	0.0	0.0	0.0	0.0	0.0	0.0	0.0	11.0	0.0
OTU655	0.0	0.0	0.0	0.0	0.0	0.0	0.0	0.0	0.0	0.0	0.0	0.0	0.0	11.0	0.0
OTU656	1.0	0.0	10.0	0.0	0.0	0.0	0.0	0.0	0.0	0.0	0.0	0.0	0.0	0.0	0.0
OTU657	0.0	0.0	0.0	0.0	0.0	0.0	0.0	0.0	0.0	0.0	0.0	0.0	0.0	11.0	0.0
OTU658	0.0	0.0	6.0	0.0	0.0	4.0	0.0	0.0	0.0	0.0	0.0	0.0	0.0	0.0	0.0
OTU659	0.0	0.0	0.0	10.0	0.0	0.0	0.0	0.0	0.0	0.0	0.0	0.0	0.0	0.0	0.0
OTU660	0.0	0.0	0.0	0.0	0.0	0.0	0.0	0.0	0.0	0.0	0.0	0.0	0.0	0.0	10.0
OTU661	0.0	0.0	0.0	0.0	0.0	0.0	0.0	0.0	0.0	0.0	0.0	0.0	10.0	0.0	0.0
OTU662	0.0	0.0	0.0	0.0	0.0	0.0	0.0	0.0	0.0	0.0	0.0	0.0	0.0	0.0	10.0
OTU663	0.0	0.0	0.0	0.0	0.0	0.0	0.0	0.0	0.0	0.0	0.0	0.0	0.0	0.0	10.0
OTU664	0.0	2.0	0.0	0.0	0.0	0.0	0.0	0.0	0.0	0.0	0.0	0.0	0.0	8.0	0.0
OTU665	2.0	0.0	0.0	0.0	0.0	0.0	0.0	0.0	0.0	0.0	0.0	0.0	0.0	0.0	8.0
OTU666	0.0	0.0	10.0	0.0	0.0	0.0	0.0	0.0	0.0	0.0	0.0	0.0	0.0	0.0	0.0
OTU667	0.0	0.0	10.0	0.0	0.0	0.0	0.0	0.0	0.0	0.0	0.0	0.0	0.0	0.0	0.0
OTU668	0.0	0.0	0.0	0.0	0.0	0.0	0.0	0.0	0.0	0.0	0.0	0.0	0.0	10.0	0.0
OTU669	0.0	0.0	0.0	10.0	0.0	0.0	0.0	0.0	0.0	0.0	0.0	0.0	0.0	0.0	0.0
OTU670	0.0	0.0	0.0	10.0	0.0	0.0	0.0	0.0	0.0	0.0	0.0	0.0	0.0	0.0	0.0
OTU671	0.0	0.0	0.0	10.0	0.0	0.0	0.0	0.0	0.0	0.0	0.0	0.0	0.0	0.0	0.0
OTU672	0.0	0.0	0.0	10.0	0.0	0.0	0.0	0.0	0.0	0.0	0.0	0.0	0.0	0.0	0.0
OTU673	0.0	0.0	0.0	0.0	0.0	0.0	0.0	0.0	0.0	0.0	0.0	0.0	1.0	9.0	0.0
OTU674	0.0	0.0	0.0	0.0	0.0	0.0	0.0	0.0	1.0	0.0	0.0	0.0	0.0	0.0	9.0
OTU675	1.0	0.0	0.0	0.0	0.0	0.0	0.0	0.0	0.0	0.0	0.0	0.0	0.0	0.0	9.0
OTU676	0.0	0.0	2.0	0.0	0.0	0.0	0.0	0.0	1.0	0.0	0.0	0.0	0.0	7.0	0.0
OTU677	0.0	0.0	10.0	0.0	0.0	0.0	0.0	0.0	0.0	0.0	0.0	0.0	0.0	0.0	0.0
OTU678	0.0	2.0	1.0	6.0	0.0	0.0	0.0	0.0	0.0	0.0	0.0	0.0	0.0	0.0	0.0
OTU679	0.0	0.0	0.0	0.0	0.0	0.0	1.0	0.0	0.0	0.0	0.0	0.0	0.0	5.0	3.0
OTU680	0.0	0.0	0.0	0.0	0.0	0.0	0.0	0.0	2.0	4.0	1.0	2.0	0.0	0.0	0.0
OTU681	4.0	0.0	5.0	0.0	0.0	0.0	0.0	0.0	0.0	0.0	0.0	0.0	0.0	0.0	0.0
OTU682	0.0	0.0	1.0	0.0	0.0	0.0	0.0	0.0	0.0	0.0	0.0	0.0	0.0	8.0	0.0
OTU683	0.0	0.0	0.0	9.0	0.0	0.0	0.0	0.0	0.0	0.0	0.0	0.0	0.0	0.0	0.0
OTU684	0.0	0.0	0.0	0.0	0.0	0.0	0.0	0.0	0.0	0.0	0.0	0.0	0.0	0.0	9.0
OTU685	2.0	0.0	4.0	0.0	0.0	0.0	0.0	1.0	0.0	0.0	0.0	0.0	2.0	0.0	0.0
OTU686	7.0	2.0	0.0	0.0	0.0	0.0	0.0	0.0	0.0	0.0	0.0	0.0	0.0	0.0	0.0
OTU687	0.0	0.0	0.0	9.0	0.0	0.0	0.0	0.0	0.0	0.0	0.0	0.0	0.0	0.0	0.0
OTU688	0.0	0.0	0.0	9.0	0.0	0.0	0.0	0.0	0.0	0.0	0.0	0.0	0.0	0.0	0.0
OTU689	3.0	4.0	1.0	0.0	0.0	0.0	1.0	0.0	0.0	0.0	0.0	0.0	0.0	0.0	0.0
OTU690	0.0	5.0	2.0	0.0	0.0	0.0	0.0	2.0	0.0	0.0	0.0	0.0	0.0	0.0	0.0
OTU691	0.0	0.0	9.0	0.0	0.0	0.0	0.0	0.0	0.0	0.0	0.0	0.0	0.0	0.0	0.0
OTU692	0.0	0.0	0.0	0.0	0.0	0.0	0.0	0.0	0.0	0.0	0.0	0.0	0.0	0.0	9.0
OTU693	0.0	0.0	0.0	0.0	0.0	0.0	0.0	0.0	0.0	8.0	1.0	0.0	0.0	0.0	0.0
OTU694	2.0	0.0	3.0	0.0	0.0	0.0	0.0	0.0	0.0	0.0	0.0	0.0	0.0	0.0	4.0
OTU695	0.0	9.0	0.0	0.0	0.0	0.0	0.0	0.0	0.0	0.0	0.0	0.0	0.0	0.0	0.0
OTU696	0.0	3.0	0.0	4.0	0.0	2.0	0.0	0.0	0.0	0.0	0.0	0.0	0.0	0.0	0.0
OTU697	0.0	0.0	0.0	0.0	0.0	0.0	0.0	0.0	0.0	5.0	1.0	3.0	0.0	0.0	0.0
OTU698	0.0	0.0	0.0	0.0	0.0	0.0	0.0	0.0	0.0	0.0	0.0	0.0	0.0	0.0	9.0
OTU699	0.0	0.0	9.0	0.0	0.0	0.0	0.0	0.0	0.0	0.0	0.0	0.0	0.0	0.0	0.0
OTU700	0.0	0.0	0.0	0.0	0.0	0.0	0.0	0.0	0.0	0.0	0.0	0.0	0.0	0.0	9.0
OTU701	0.0	0.0	0.0	0.0	0.0	8.0	0.0	0.0	0.0	0.0	0.0	0.0	0.0	0.0	0.0
OTU702	0.0	0.0	8.0	0.0	0.0	0.0	0.0	0.0	0.0	0.0	0.0	0.0	0.0	0.0	0.0
OTU703	0.0	4.0	0.0	4.0	0.0	0.0	0.0	0.0	0.0	0.0	0.0	0.0	0.0	0.0	0.0
OTU704	0.0	0.0	8.0	0.0	0.0	0.0	0.0	0.0	0.0	0.0	0.0	0.0	0.0	0.0	0.0
OTU705	0.0	0.0	0.0	0.0	0.0	0.0	0.0	0.0	0.0	0.0	0.0	0.0	0.0	8.0	0.0
OTU706	0.0	0.0	0.0	0.0	0.0	0.0	0.0	0.0	0.0	0.0	0.0	0.0	0.0	8.0	0.0
OTU707	8.0	0.0	0.0	0.0	0.0	0.0	0.0	0.0	0.0	0.0	0.0	0.0	0.0	0.0	0.0
OTU708	0.0	8.0	0.0	0.0	0.0	0.0	0.0	0.0	0.0	0.0	0.0	0.0	0.0	0.0	0.0
OTU709	3.0	0.0	0.0	0.0	1.0	0.0	0.0	0.0	0.0	0.0	0.0	0.0	0.0	3.0	1.0
OTU710	0.0	0.0	0.0	8.0	0.0	0.0	0.0	0.0	0.0	0.0	0.0	0.0	0.0	0.0	0.0
OTU711	0.0	0.0	0.0	0.0	0.0	0.0	0.0	0.0	0.0	0.0	0.0	0.0	0.0	0.0	8.0
OTU712	0.0	0.0	0.0	0.0	0.0	0.0	0.0	0.0	0.0	0.0	0.0	0.0	0.0	8.0	0.0
OTU713	0.0	0.0	0.0	0.0	0.0	0.0	0.0	0.0	0.0	0.0	0.0	0.0	1.0	0.0	7.0
OTU714	0.0	0.0	8.0	0.0	0.0	0.0	0.0	0.0	0.0	0.0	0.0	0.0	0.0	0.0	0.0
OTU715	0.0	0.0	0.0	0.0	0.0	0.0	0.0	0.0	0.0	0.0	0.0	0.0	0.0	0.0	8.0
OTU716	0.0	0.0	0.0	0.0	0.0	0.0	0.0	0.0	0.0	0.0	0.0	0.0	0.0	0.0	8.0
OTU717	0.0	0.0	0.0	0.0	0.0	0.0	0.0	0.0	2.0	0.0	0.0	0.0	0.0	0.0	6.0
OTU718	0.0	0.0	0.0	0.0	0.0	0.0	0.0	0.0	0.0	0.0	0.0	0.0	0.0	4.0	4.0
OTU719	0.0	0.0	0.0	0.0	0.0	0.0	0.0	0.0	0.0	0.0	0.0	0.0	0.0	0.0	8.0
OTU720	0.0	0.0	1.0	7.0	0.0	0.0	0.0	0.0	0.0	0.0	0.0	0.0	0.0	0.0	0.0
OTU721	0.0	0.0	0.0	0.0	0.0	0.0	0.0	0.0	0.0	1.0	3.0	4.0	0.0	0.0	0.0
OTU722	0.0	0.0	0.0	0.0	0.0	0.0	0.0	0.0	0.0	0.0	0.0	0.0	0.0	8.0	0.0
OTU723	1.0	6.0	1.0	0.0	0.0	0.0	0.0	0.0	0.0	0.0	0.0	0.0	0.0	0.0	0.0
OTU724	0.0	0.0	0.0	0.0	0.0	8.0	0.0	0.0	0.0	0.0	0.0	0.0	0.0	0.0	0.0
OTU725	0.0	0.0	0.0	0.0	0.0	0.0	0.0	0.0	0.0	0.0	0.0	0.0	0.0	8.0	0.0
OTU726	0.0	0.0	0.0	7.0	0.0	0.0	0.0	0.0	0.0	0.0	0.0	0.0	0.0	0.0	0.0
OTU727	0.0	0.0	0.0	0.0	0.0	0.0	0.0	0.0	0.0	0.0	0.0	0.0	0.0	7.0	0.0
OTU728	0.0	0.0	1.0	0.0	3.0	0.0	0.0	0.0	3.0	0.0	0.0	0.0	0.0	0.0	0.0
OTU729	0.0	0.0	0.0	0.0	7.0	0.0	0.0	0.0	0.0	0.0	0.0	0.0	0.0	0.0	0.0
OTU730	0.0	3.0	0.0	0.0	0.0	0.0	0.0	0.0	0.0	0.0	0.0	0.0	4.0	0.0	0.0
OTU731	0.0	0.0	0.0	0.0	0.0	0.0	0.0	0.0	0.0	0.0	0.0	0.0	0.0	7.0	0.0
OTU732	0.0	0.0	0.0	0.0	0.0	7.0	0.0	0.0	0.0	0.0	0.0	0.0	0.0	0.0	0.0
OTU733	0.0	0.0	0.0	0.0	0.0	0.0	0.0	0.0	0.0	0.0	0.0	0.0	0.0	7.0	0.0
OTU734	0.0	0.0	3.0	0.0	0.0	0.0	0.0	0.0	0.0	0.0	0.0	0.0	4.0	0.0	0.0
OTU735	0.0	0.0	7.0	0.0	0.0	0.0	0.0	0.0	0.0	0.0	0.0	0.0	0.0	0.0	0.0
OTU736	0.0	0.0	0.0	0.0	0.0	0.0	0.0	0.0	0.0	7.0	0.0	0.0	0.0	0.0	0.0
OTU737	2.0	0.0	0.0	0.0	0.0	0.0	0.0	0.0	0.0	0.0	0.0	0.0	0.0	5.0	0.0
OTU738	0.0	0.0	0.0	0.0	0.0	0.0	0.0	0.0	0.0	1.0	3.0	3.0	0.0	0.0	0.0
OTU739	0.0	0.0	0.0	0.0	0.0	0.0	0.0	0.0	0.0	5.0	1.0	1.0	0.0	0.0	0.0
OTU740	1.0	0.0	0.0	0.0	0.0	0.0	0.0	0.0	0.0	0.0	0.0	0.0	0.0	0.0	6.0
OTU741	4.0	0.0	1.0	0.0	0.0	0.0	0.0	2.0	0.0	0.0	0.0	0.0	0.0	0.0	0.0
OTU742	0.0	0.0	0.0	0.0	0.0	0.0	0.0	0.0	0.0	0.0	0.0	0.0	0.0	0.0	7.0
OTU743	2.0	0.0	5.0	0.0	0.0	0.0	0.0	0.0	0.0	0.0	0.0	0.0	0.0	0.0	0.0
OTU744	0.0	0.0	0.0	7.0	0.0	0.0	0.0	0.0	0.0	0.0	0.0	0.0	0.0	0.0	0.0
OTU745	0.0	0.0	0.0	0.0	0.0	0.0	0.0	0.0	0.0	0.0	0.0	0.0	0.0	6.0	0.0
OTU746	0.0	1.0	5.0	0.0	0.0	0.0	0.0	0.0	0.0	0.0	0.0	0.0	0.0	0.0	0.0
OTU747	0.0	6.0	0.0	0.0	0.0	0.0	0.0	0.0	0.0	0.0	0.0	0.0	0.0	0.0	0.0
OTU748	0.0	0.0	6.0	0.0	0.0	0.0	0.0	0.0	0.0	0.0	0.0	0.0	0.0	0.0	0.0
OTU749	0.0	1.0	5.0	0.0	0.0	0.0	0.0	0.0	0.0	0.0	0.0	0.0	0.0	0.0	0.0
OTU750	2.0	0.0	0.0	1.0	0.0	1.0	0.0	0.0	0.0	0.0	1.0	1.0	0.0	0.0	0.0
OTU751	2.0	1.0	3.0	0.0	0.0	0.0	0.0	0.0	0.0	0.0	0.0	0.0	0.0	0.0	0.0
OTU752	0.0	0.0	0.0	0.0	0.0	0.0	0.0	0.0	0.0	0.0	0.0	0.0	0.0	6.0	0.0
OTU753	0.0	5.0	1.0	0.0	0.0	0.0	0.0	0.0	0.0	0.0	0.0	0.0	0.0	0.0	0.0
OTU754	0.0	4.0	0.0	0.0	0.0	0.0	1.0	0.0	1.0	0.0	0.0	0.0	0.0	0.0	0.0
OTU755	5.0	0.0	0.0	0.0	0.0	1.0	0.0	0.0	0.0	0.0	0.0	0.0	0.0	0.0	0.0
OTU756	0.0	0.0	6.0	0.0	0.0	0.0	0.0	0.0	0.0	0.0	0.0	0.0	0.0	0.0	0.0
OTU757	0.0	0.0	6.0	0.0	0.0	0.0	0.0	0.0	0.0	0.0	0.0	0.0	0.0	0.0	0.0
OTU758	2.0	0.0	0.0	0.0	0.0	0.0	0.0	0.0	0.0	0.0	0.0	0.0	0.0	0.0	4.0
OTU759	0.0	0.0	0.0	0.0	0.0	0.0	0.0	0.0	0.0	0.0	0.0	0.0	0.0	0.0	6.0
OTU760	0.0	0.0	0.0	6.0	0.0	0.0	0.0	0.0	0.0	0.0	0.0	0.0	0.0	0.0	0.0
OTU761	0.0	0.0	0.0	0.0	0.0	0.0	0.0	0.0	0.0	0.0	0.0	0.0	0.0	0.0	6.0
OTU762	0.0	5.0	0.0	0.0	0.0	0.0	0.0	0.0	0.0	1.0	0.0	0.0	0.0	0.0	0.0
OTU763	4.0	0.0	2.0	0.0	0.0	0.0	0.0	0.0	0.0	0.0	0.0	0.0	0.0	0.0	0.0
OTU764	0.0	0.0	0.0	0.0	0.0	0.0	0.0	0.0	0.0	0.0	0.0	0.0	0.0	0.0	6.0
OTU765	0.0	6.0	0.0	0.0	0.0	0.0	0.0	0.0	0.0	0.0	0.0	0.0	0.0	0.0	0.0
OTU766	1.0	0.0	0.0	0.0	5.0	0.0	0.0	0.0	0.0	0.0	0.0	0.0	0.0	0.0	0.0
OTU767	0.0	0.0	5.0	0.0	0.0	0.0	0.0	1.0	0.0	0.0	0.0	0.0	0.0	0.0	0.0
OTU768	0.0	0.0	6.0	0.0	0.0	0.0	0.0	0.0	0.0	0.0	0.0	0.0	0.0	0.0	0.0
OTU769	0.0	0.0	6.0	0.0	0.0	0.0	0.0	0.0	0.0	0.0	0.0	0.0	0.0	0.0	0.0
OTU770	1.0	0.0	5.0	0.0	0.0	0.0	0.0	0.0	0.0	0.0	0.0	0.0	0.0	0.0	0.0
OTU771	0.0	0.0	0.0	0.0	0.0	0.0	4.0	1.0	1.0	0.0	0.0	0.0	0.0	0.0	0.0
OTU772	0.0	6.0	0.0	0.0	0.0	0.0	0.0	0.0	0.0	0.0	0.0	0.0	0.0	0.0	0.0
OTU773	0.0	0.0	6.0	0.0	0.0	0.0	0.0	0.0	0.0	0.0	0.0	0.0	0.0	0.0	0.0
OTU774	0.0	0.0	0.0	0.0	0.0	0.0	0.0	0.0	0.0	0.0	1.0	5.0	0.0	0.0	0.0
OTU775	6.0	0.0	0.0	0.0	0.0	0.0	0.0	0.0	0.0	0.0	0.0	0.0	0.0	0.0	0.0
OTU776	0.0	0.0	0.0	0.0	0.0	0.0	0.0	0.0	0.0	0.0	0.0	0.0	0.0	6.0	0.0
OTU777	0.0	0.0	0.0	4.0	0.0	0.0	0.0	0.0	2.0	0.0	0.0	0.0	0.0	0.0	0.0
OTU778	3.0	1.0	1.0	0.0	0.0	0.0	0.0	0.0	0.0	0.0	0.0	0.0	0.0	0.0	0.0
OTU779	0.0	0.0	0.0	0.0	0.0	0.0	0.0	0.0	0.0	0.0	0.0	0.0	0.0	0.0	5.0
OTU780	0.0	5.0	0.0	0.0	0.0	0.0	0.0	0.0	0.0	0.0	0.0	0.0	0.0	0.0	0.0
OTU781	0.0	0.0	5.0	0.0	0.0	0.0	0.0	0.0	0.0	0.0	0.0	0.0	0.0	0.0	0.0
OTU782	0.0	5.0	0.0	0.0	0.0	0.0	0.0	0.0	0.0	0.0	0.0	0.0	0.0	0.0	0.0
OTU783	0.0	0.0	0.0	0.0	0.0	0.0	0.0	0.0	0.0	0.0	0.0	0.0	0.0	0.0	5.0
OTU784	0.0	0.0	0.0	0.0	5.0	0.0	0.0	0.0	0.0	0.0	0.0	0.0	0.0	0.0	0.0
OTU785	0.0	2.0	2.0	0.0	0.0	0.0	0.0	0.0	0.0	1.0	0.0	0.0	0.0	0.0	0.0
OTU786	0.0	0.0	0.0	0.0	0.0	5.0	0.0	0.0	0.0	0.0	0.0	0.0	0.0	0.0	0.0
OTU787	0.0	0.0	1.0	4.0	0.0	0.0	0.0	0.0	0.0	0.0	0.0	0.0	0.0	0.0	0.0
OTU788	1.0	0.0	4.0	0.0	0.0	0.0	0.0	0.0	0.0	0.0	0.0	0.0	0.0	0.0	0.0
OTU789	1.0	3.0	1.0	0.0	0.0	0.0	0.0	0.0	0.0	0.0	0.0	0.0	0.0	0.0	0.0
OTU790	0.0	0.0	0.0	0.0	0.0	0.0	0.0	1.0	0.0	0.0	0.0	0.0	0.0	4.0	0.0
OTU791	0.0	0.0	0.0	0.0	0.0	0.0	0.0	0.0	0.0	2.0	1.0	2.0	0.0	0.0	0.0
OTU792	0.0	0.0	5.0	0.0	0.0	0.0	0.0	0.0	0.0	0.0	0.0	0.0	0.0	0.0	0.0
OTU793	0.0	0.0	0.0	5.0	0.0	0.0	0.0	0.0	0.0	0.0	0.0	0.0	0.0	0.0	0.0
OTU794	0.0	0.0	5.0	0.0	0.0	0.0	0.0	0.0	0.0	0.0	0.0	0.0	0.0	0.0	0.0
OTU795	0.0	0.0	2.0	0.0	0.0	0.0	0.0	0.0	3.0	0.0	0.0	0.0	0.0	0.0	0.0
OTU796	0.0	0.0	0.0	0.0	0.0	0.0	0.0	0.0	0.0	0.0	0.0	0.0	0.0	0.0	5.0
OTU797	0.0	0.0	5.0	0.0	0.0	0.0	0.0	0.0	0.0	0.0	0.0	0.0	0.0	0.0	0.0
OTU798	0.0	0.0	0.0	0.0	0.0	0.0	0.0	0.0	4.0	0.0	0.0	0.0	0.0	0.0	0.0
OTU799	0.0	0.0	4.0	0.0	0.0	0.0	0.0	0.0	0.0	0.0	0.0	0.0	0.0	0.0	0.0
OTU800	0.0	0.0	0.0	0.0	0.0	0.0	0.0	0.0	0.0	0.0	0.0	0.0	0.0	4.0	0.0
OTU801	0.0	0.0	4.0	0.0	0.0	0.0	0.0	0.0	0.0	0.0	0.0	0.0	0.0	0.0	0.0
OTU802	4.0	0.0	0.0	0.0	0.0	0.0	0.0	0.0	0.0	0.0	0.0	0.0	0.0	0.0	0.0
OTU803	2.0	2.0	0.0	0.0	0.0	0.0	0.0	0.0	0.0	0.0	0.0	0.0	0.0	0.0	0.0
OTU804	0.0	0.0	0.0	0.0	0.0	0.0	0.0	0.0	0.0	2.0	0.0	2.0	0.0	0.0	0.0
OTU805	1.0	0.0	3.0	0.0	0.0	0.0	0.0	0.0	0.0	0.0	0.0	0.0	0.0	0.0	0.0
OTU806	0.0	0.0	0.0	0.0	0.0	0.0	0.0	0.0	0.0	0.0	0.0	0.0	0.0	0.0	4.0
OTU807	0.0	0.0	4.0	0.0	0.0	0.0	0.0	0.0	0.0	0.0	0.0	0.0	0.0	0.0	0.0
OTU808	0.0	0.0	4.0	0.0	0.0	0.0	0.0	0.0	0.0	0.0	0.0	0.0	0.0	0.0	0.0
OTU809	0.0	0.0	4.0	0.0	0.0	0.0	0.0	0.0	0.0	0.0	0.0	0.0	0.0	0.0	0.0
OTU810	0.0	0.0	4.0	0.0	0.0	0.0	0.0	0.0	0.0	0.0	0.0	0.0	0.0	0.0	0.0
OTU811	0.0	0.0	0.0	0.0	0.0	0.0	0.0	0.0	0.0	0.0	0.0	0.0	0.0	0.0	4.0
OTU812	0.0	4.0	0.0	0.0	0.0	0.0	0.0	0.0	0.0	0.0	0.0	0.0	0.0	0.0	0.0
OTU813	4.0	0.0	0.0	0.0	0.0	0.0	0.0	0.0	0.0	0.0	0.0	0.0	0.0	0.0	0.0
OTU814	0.0	4.0	0.0	0.0	0.0	0.0	0.0	0.0	0.0	0.0	0.0	0.0	0.0	0.0	0.0
OTU815	0.0	0.0	0.0	0.0	0.0	0.0	0.0	0.0	0.0	0.0	0.0	0.0	0.0	4.0	0.0
OTU816	0.0	0.0	0.0	0.0	0.0	0.0	0.0	0.0	0.0	3.0	1.0	0.0	0.0	0.0	0.0
OTU817	0.0	0.0	0.0	0.0	0.0	0.0	0.0	0.0	0.0	0.0	0.0	0.0	0.0	0.0	4.0
OTU818	0.0	0.0	3.0	0.0	0.0	0.0	1.0	0.0	0.0	0.0	0.0	0.0	0.0	0.0	0.0
OTU819	1.0	3.0	0.0	0.0	0.0	0.0	0.0	0.0	0.0	0.0	0.0	0.0	0.0	0.0	0.0
OTU820	0.0	0.0	0.0	0.0	0.0	4.0	0.0	0.0	0.0	0.0	0.0	0.0	0.0	0.0	0.0
OTU821	0.0	0.0	0.0	0.0	0.0	0.0	0.0	0.0	0.0	0.0	0.0	0.0	0.0	0.0	4.0
OTU822	0.0	0.0	4.0	0.0	0.0	0.0	0.0	0.0	0.0	0.0	0.0	0.0	0.0	0.0	0.0
OTU823	0.0	0.0	0.0	0.0	0.0	0.0	0.0	0.0	0.0	0.0	0.0	0.0	0.0	4.0	0.0
OTU824	0.0	0.0	4.0	0.0	0.0	0.0	0.0	0.0	0.0	0.0	0.0	0.0	0.0	0.0	0.0
OTU825	0.0	0.0	0.0	0.0	0.0	0.0	0.0	0.0	0.0	0.0	0.0	0.0	0.0	0.0	4.0
OTU826	0.0	0.0	0.0	0.0	0.0	0.0	0.0	0.0	0.0	4.0	0.0	0.0	0.0	0.0	0.0
OTU827	0.0	2.0	0.0	0.0	0.0	0.0	0.0	2.0	0.0	0.0	0.0	0.0	0.0	0.0	0.0
OTU828	0.0	4.0	0.0	0.0	0.0	0.0	0.0	0.0	0.0	0.0	0.0	0.0	0.0	0.0	0.0
OTU829	0.0	0.0	4.0	0.0	0.0	0.0	0.0	0.0	0.0	0.0	0.0	0.0	0.0	0.0	0.0
OTU830	0.0	0.0	0.0	0.0	0.0	0.0	0.0	0.0	0.0	0.0	0.0	0.0	4.0	0.0	0.0
OTU831	0.0	0.0	0.0	0.0	0.0	0.0	0.0	0.0	4.0	0.0	0.0	0.0	0.0	0.0	0.0
OTU832	3.0	0.0	1.0	0.0	0.0	0.0	0.0	0.0	0.0	0.0	0.0	0.0	0.0	0.0	0.0
OTU833	0.0	0.0	0.0	0.0	4.0	0.0	0.0	0.0	0.0	0.0	0.0	0.0	0.0	0.0	0.0
OTU834	4.0	0.0	0.0	0.0	0.0	0.0	0.0	0.0	0.0	0.0	0.0	0.0	0.0	0.0	0.0
OTU835	4.0	0.0	0.0	0.0	0.0	0.0	0.0	0.0	0.0	0.0	0.0	0.0	0.0	0.0	0.0
OTU836	0.0	0.0	4.0	0.0	0.0	0.0	0.0	0.0	0.0	0.0	0.0	0.0	0.0	0.0	0.0
OTU837	0.0	0.0	2.0	0.0	0.0	0.0	0.0	1.0	0.0	0.0	0.0	0.0	0.0	0.0	0.0
OTU838	0.0	0.0	0.0	3.0	0.0	0.0	0.0	0.0	0.0	0.0	0.0	0.0	0.0	0.0	0.0
OTU839	0.0	0.0	3.0	0.0	0.0	0.0	0.0	0.0	0.0	0.0	0.0	0.0	0.0	0.0	0.0
OTU840	0.0	0.0	0.0	0.0	0.0	0.0	0.0	0.0	0.0	0.0	1.0	2.0	0.0	0.0	0.0
OTU841	0.0	0.0	0.0	0.0	0.0	0.0	0.0	0.0	3.0	0.0	0.0	0.0	0.0	0.0	0.0
OTU842	3.0	0.0	0.0	0.0	0.0	0.0	0.0	0.0	0.0	0.0	0.0	0.0	0.0	0.0	0.0
OTU843	0.0	0.0	0.0	0.0	0.0	0.0	0.0	0.0	3.0	0.0	0.0	0.0	0.0	0.0	0.0
OTU844	0.0	0.0	3.0	0.0	0.0	0.0	0.0	0.0	0.0	0.0	0.0	0.0	0.0	0.0	0.0
OTU845	0.0	0.0	0.0	0.0	1.0	0.0	0.0	1.0	1.0	0.0	0.0	0.0	0.0	0.0	0.0
OTU846	0.0	0.0	2.0	0.0	0.0	0.0	0.0	0.0	0.0	0.0	0.0	0.0	1.0	0.0	0.0
OTU847	3.0	0.0	0.0	0.0	0.0	0.0	0.0	0.0	0.0	0.0	0.0	0.0	0.0	0.0	0.0
OTU848	0.0	0.0	1.0	0.0	0.0	0.0	0.0	1.0	1.0	0.0	0.0	0.0	0.0	0.0	0.0
OTU849	2.0	1.0	0.0	0.0	0.0	0.0	0.0	0.0	0.0	0.0	0.0	0.0	0.0	0.0	0.0
OTU850	0.0	0.0	3.0	0.0	0.0	0.0	0.0	0.0	0.0	0.0	0.0	0.0	0.0	0.0	0.0
OTU851	0.0	3.0	0.0	0.0	0.0	0.0	0.0	0.0	0.0	0.0	0.0	0.0	0.0	0.0	0.0
OTU852	0.0	0.0	0.0	0.0	0.0	0.0	0.0	0.0	0.0	0.0	0.0	0.0	0.0	3.0	0.0
OTU853	3.0	0.0	0.0	0.0	0.0	0.0	0.0	0.0	0.0	0.0	0.0	0.0	0.0	0.0	0.0
OTU854	0.0	0.0	0.0	0.0	0.0	0.0	0.0	0.0	0.0	0.0	0.0	0.0	0.0	0.0	3.0
OTU855	0.0	0.0	0.0	0.0	0.0	3.0	0.0	0.0	0.0	0.0	0.0	0.0	0.0	0.0	0.0
OTU856	2.0	0.0	0.0	0.0	0.0	0.0	1.0	0.0	0.0	0.0	0.0	0.0	0.0	0.0	0.0
OTU857	0.0	0.0	3.0	0.0	0.0	0.0	0.0	0.0	0.0	0.0	0.0	0.0	0.0	0.0	0.0
OTU858	0.0	0.0	3.0	0.0	0.0	0.0	0.0	0.0	0.0	0.0	0.0	0.0	0.0	0.0	0.0
OTU859	0.0	0.0	0.0	0.0	0.0	0.0	0.0	0.0	0.0	0.0	2.0	0.0	0.0	0.0	0.0
OTU860	0.0	0.0	2.0	0.0	0.0	0.0	0.0	0.0	0.0	0.0	0.0	0.0	0.0	0.0	0.0
OTU861	0.0	0.0	0.0	0.0	0.0	0.0	0.0	0.0	2.0	0.0	0.0	0.0	0.0	0.0	0.0
OTU862	0.0	0.0	0.0	0.0	0.0	0.0	0.0	0.0	0.0	0.0	2.0	0.0	0.0	0.0	0.0
OTU863	0.0	0.0	0.0	0.0	0.0	0.0	0.0	0.0	0.0	1.0	1.0	0.0	0.0	0.0	0.0
OTU864	0.0	2.0	0.0	0.0	0.0	0.0	0.0	0.0	0.0	0.0	0.0	0.0	0.0	0.0	0.0
OTU865	0.0	0.0	2.0	0.0	0.0	0.0	0.0	0.0	0.0	0.0	0.0	0.0	0.0	0.0	0.0
OTU866	0.0	0.0	2.0	0.0	0.0	0.0	0.0	0.0	0.0	0.0	0.0	0.0	0.0	0.0	0.0
OTU867	0.0	0.0	0.0	0.0	0.0	0.0	0.0	0.0	2.0	0.0	0.0	0.0	0.0	0.0	0.0
OTU868	0.0	0.0	0.0	0.0	0.0	0.0	0.0	0.0	0.0	2.0	0.0	0.0	0.0	0.0	0.0
OTU869	0.0	0.0	2.0	0.0	0.0	0.0	0.0	0.0	0.0	0.0	0.0	0.0	0.0	0.0	0.0
OTU870	0.0	0.0	0.0	0.0	0.0	0.0	0.0	0.0	0.0	2.0	0.0	0.0	0.0	0.0	0.0
OTU871	2.0	0.0	0.0	0.0	0.0	0.0	0.0	0.0	0.0	0.0	0.0	0.0	0.0	0.0	0.0
OTU872	2.0	0.0	0.0	0.0	0.0	0.0	0.0	0.0	0.0	0.0	0.0	0.0	0.0	0.0	0.0
OTU873	2.0	0.0	0.0	0.0	0.0	0.0	0.0	0.0	0.0	0.0	0.0	0.0	0.0	0.0	0.0
OTU874	0.0	0.0	2.0	0.0	0.0	0.0	0.0	0.0	0.0	0.0	0.0	0.0	0.0	0.0	0.0
OTU875	2.0	0.0	0.0	0.0	0.0	0.0	0.0	0.0	0.0	0.0	0.0	0.0	0.0	0.0	0.0
