Geneid	B03-6	B03-12	B03-16	A05-6	A05-12	A05-16	A07-6	A07-12	A07-16	B09-6	B09-12	B09-16
Glyma.01G001600	2.009	4.466	7.395	3.684	3.868	8.163	2.957	2.554	4.553	3.687	9.769	11.032
Glyma.01G002100	12.573	3.658	7.327	36.856	9.992	7.07	41.278	14.503	36.542	41.227	9.141	8.598
Glyma.01G002400	3.51	3.768	38.943	38.612	43.032	3.416	56.497	38.413	31.447	57.644	27.694	15.416
Glyma.01G002501	1.112	1.014	11.585	10.497	11.663	0.974	15.6	10.555	11.345	16.369	7.26	4.475
Glyma.01G002600	5.22	12.299	37.484	15.862	25.774	17.335	26.167	25.992	17.778	17.749	21.422	13.47
Glyma.01G003000	35.206	15.354	32.427	57.441	133.405	1.94	86.878	131.604	47.767	78.981	102.618	14.872
Glyma.01G003400	2.178	11.105	16.92	4.167	11.473	13.28	4.966	12.102	23.844	4.549	12.277	23.016
Glyma.01G003800	6.889	22.234	29.738	12.685	19.181	21.322	11.661	11.566	13.188	11.429	48.247	36.353
Glyma.01G004200	40.653	14.028	2.485	14.786	2.519	52.855	28.342	4.306	3.624	12.232	3.745	19.877
Glyma.01G004300	29.005	77.542	170.585	63.061	79.795	60.19	46.741	39.447	23.625	46.347	231.458	168.226
Glyma.01G004600	0.154	0.352	3.654	4.142	1.483	0.368	3.323	2.113	3.485	4.386	4.434	1.768
Glyma.01G004700	0.875	0.628	5.832	1.568	0.84	1.706	0.77	0.569	0.408	0.63	1.423	3.172
Glyma.01G005000	12.472	8.494	16.282	17.16	17.395	71.191	29.814	28.34	51.793	17.089	14.587	56.77
Glyma.01G005200	2.07	2.989	13.857	0.866	1.709	28.14	0.877	1.623	9.053	0.493	0.548	11.081
Glyma.01G006000	54.708	3.121	12.947	40.957	5.183	44.37	14.938	1.826	26.836	63.091	0.883	23.502
Glyma.01G006400	10.425	21.431	25.613	16.517	17.746	17.205	15.488	12.507	14.171	16.03	39.691	28.811
Glyma.01G006700	35.524	30.945	9.653	20.338	3.074	18.032	14.104	4.188	11.97	17.207	4.615	9.228
Glyma.01G006800	0.249	0.299	2.501	11.706	2.568	0.098	20.359	3.305	1.496	19.989	4.122	0.838
Glyma.01G007200	11.285	6.55	29.112	33.636	22.989	10.68	33.211	17.744	30.977	36.597	36.197	33.15
Glyma.01G007300	2.211	1.005	5.851	5.757	3.526	3.265	5.199	2.7	5.115	6.586	5.861	7.155
Glyma.01G007400	8.289	2.052	2.557	4.707	1.537	10.524	8.303	4.543	8.207	5.865	1.664	12.726
Glyma.01G007700	5.077	9.04	5.92	6.344	9.484	5.422	5.399	5.508	2.246	6.339	16.725	7.121
Glyma.01G007800	0.533	0.514	13.98	1.824	1.062	0.637	1.411	1.039	0.8	0.775	1.655	0.599
Glyma.01G008000	2.226	4.732	12.127	7.726	7.876	5.714	8.465	8.226	8.099	10.056	14.169	9.314
Glyma.01G008400	23.743	3.837	3.969	9.932	3.826	9.686	5.632	4.129	7.67	6.146	2.896	10.656
Glyma.01G008800	12.119	15.273	40.088	12.291	13.076	29.16	10.65	10.952	11.846	8.074	18.137	38.045
Glyma.01G009200	26.904	32.931	83.511	72.273	149.62	21.724	67.522	97.408	28.268	111.394	218.794	61.355
Glyma.01G009300	8.121	21.09	35.765	15.878	25.875	25.504	18.932	15.948	15.044	17.475	42.567	33.734
Glyma.01G009600	2.779	0.928	4.126	5.636	2.476	3.24	6.888	3.716	14.559	6.534	3.63	6.417
Glyma.01G009900	28.632	19.954	9.601	36.076	20.114	20.555	37.318	22.83	16.088	41.074	19.475	20.279
Glyma.01G010000	2.3	3.06	7.066	6.837	3.315	2.506	8.15	5.215	6.619	10.053	10.888	7.184
Glyma.01G010200	1723.652	1772.866	369.089	882.08	736.835	235.626	675.282	729.617	417.6	897.476	913.755	352.688
Glyma.01G010400	7.883	28.963	58.876	15.516	22.315	33.571	11.734	13.039	14.81	13.64	100.374	81.308
Glyma.01G010500	7.704	18.936	1.926	3.202	1.515	2.418	1.124	0.732	0.134	1.16	5.053	2.644
Glyma.01G011300	45.012	12.164	6.868	53.845	17.347	7.498	55.021	26.465	30.274	67.187	15.389	9.883
Glyma.01G011500	0.05	0.011	1.641	7.247	0.549	0.016	1.799	0.411	1.345	9.861	2.122	1.72
Glyma.01G011900	0.062	0.212	1.515	1.816	4.826	0.038	4.059	1.786	0.187	0.409	0.497	0.29
Glyma.01G012100	0.219	0	1.884	4.027	8.35	0.027	5.596	1.683	0.943	0.437	0.79	0.419
Glyma.01G013500	1.397	5.066	29.355	3.613	13.195	17.459	7.634	9.261	29.385	10.261	7.347	17.965
Glyma.01G013900	65.061	80.585	17.054	20.921	7.385	102.272	2.585	4.265	4.069	3.321	2.605	42.956
Glyma.01G014200	2.83	6.067	8.556	8.622	7.977	8.631	12.286	7.553	7.463	8.582	8.439	10.378
Glyma.01G014600	1.013	1.229	12.548	3.784	2.168	4.4	6.805	5.335	10.78	7.345	5.794	4.859
Glyma.01G014700	10.761	3.879	11.875	25.394	8.126	5.907	15.685	10.719	14.663	21.467	9.836	8.324
Glyma.01G015100	119.331	206.645	95.412	76.688	100.06	91.81	53.938	82.111	61.207	71.095	99.654	101.214
Glyma.01G016500	21.901	14.24	23.576	31.357	23.207	14.297	51.671	46.995	58.798	47.165	42.336	25.689
Glyma.01G016800	72.464	47.55	33.538	56.073	48.055	46.026	55.669	67.382	37.536	50.547	20.086	33.01
Glyma.01G017000	7.635	9.695	14.502	27.722	26.903	38.679	34.011	38.071	51.532	29.986	14.055	16.761
Glyma.01G017100	23.858	18.043	22.169	47.026	21.913	25.515	51.933	26.938	24.515	58.458	26.465	22.645
Glyma.01G017400	21.19	29.421	76.317	15.873	28.811	64.222	12.229	23.263	54.775	16.976	44.549	97.333
Glyma.01G017700	65.035	68.611	7.691	61.504	34.421	43.035	38.721	40.982	12.009	35.139	17.642	57.67
Glyma.01G018800	16.289	10.792	2.625	9.011	3.803	5.187	6.745	5.767	4.656	11.179	3.03	5.059
Glyma.01G019200	2.081	5.232	5.912	1.818	5.661	5.342	1.826	6.79	7.845	2.498	7.378	7.702
Glyma.01G019300	4.128	4.455	5.843	7.62	10.19	8.079	10.894	18.449	17.777	9.654	9.727	5.742
Glyma.01G019400	22.283	11.602	16.82	41.612	27.133	18.151	34.828	38.715	19.601	28.961	16.75	19.479
Glyma.01G019500	5.541	2.999	0.803	2.388	3.147	0.201	0.935	5.897	0.336	1.293	0.827	0.392
Glyma.01G019600	2.809	2.562	5.536	2.89	1.414	3.804	3	1.798	1.519	3.262	3.968	7.461
Glyma.01G019700	0.992	1.992	5.815	10.387	5.024	1.403	8.991	12.228	7.017	9.831	12.436	4.155
Glyma.01G019800	252.689	128.756	126.539	45.535	14.985	447.384	11.735	10.934	44.088	13.405	8.164	194.036
Glyma.01G019900	7.433	6.207	17.412	6.061	7.184	21.064	5.347	6.422	14.728	6.954	11.093	26.468
Glyma.01G020900	4.994	3.468	12.402	30.309	18.22	0.711	15.579	19.999	8.194	9.476	5.815	1.991
Glyma.01G021000	3.681	87.682	15.112	5.151	267.478	9.884	36.44	64.325	0.049	0.075	1.164	2.298
Glyma.01G021700	1.477	25.634	13.919	1.041	9.575	31.429	0.678	6.086	6.066	0.374	3.713	9.297
Glyma.01G021900	8.312	16.354	7.5	6.822	4.019	36.931	2.787	4.757	5.055	2.578	1.874	22.549
Glyma.01G022100	56.321	65.825	130.965	95.21	72.743	45.542	102.459	73.113	58.85	98.683	60.309	47.721
Glyma.01G022400	5.51	3.626	1.65	2.456	1.129	5.726	2.062	1.202	1.012	2.475	0.958	3.924
Glyma.01G022600	6.82	14.614	13.189	16.956	27.358	14.003	23.603	34.219	40.865	21.088	24.487	10.987
Glyma.01G023200	30.301	31.04	7.598	27.169	16.576	8.731	17.627	17.704	5.915	24.144	18.249	6.97
Glyma.01G023300	57.679	45.801	30.186	84.568	91.107	31.143	99.11	110.813	62.267	91.694	107.664	27.385
Glyma.01G023500	9.285	12.158	7.886	6.301	4.797	16.331	5.395	6.486	7.946	2.468	3.574	15.627
Glyma.01G025000	0.566	0.41	3.554	6.023	2.878	0.727	5.834	4.243	3.072	6.873	4.572	1.232
Glyma.01G025200	43.337	31.234	3.033	45.241	7.443	13.143	20.112	7.992	1.813	20.385	9.606	13.534
Glyma.01G025300	7.405	2.948	8.604	14.626	2.802	3.413	13.698	8.671	13.548	16.113	7.185	9.07
Glyma.01G025500	0.968	2.714	25.043	6.111	8.166	6.136	9.705	9.376	13.382	7.484	14.76	11.634
Glyma.01G025800	64.305	14.561	8.047	6.273	3.505	16.978	1.534	2.284	5.898	2.541	1.588	7.799
Glyma.01G026100	36.04	86.56	126.733	55.74	84.873	58.925	44.088	39.923	21.926	45.615	227.701	152.509
Glyma.01G026500	17.587	21.615	18.676	16.733	11.67	38.995	17.125	16.999	25.303	18.816	10.309	29.828
Glyma.01G026700	1495.037	763.998	200.495	715.154	400.224	252.127	544.841	422.477	426.045	745.616	370.776	172.078
Glyma.01G026800	3.442	7.182	17.818	8.11	13.143	6.919	9.516	12.953	12.205	9.426	15.28	11.901
Glyma.01G027500	34.592	27.818	4.163	19.964	26.077	2.099	14.065	15.212	0.834	12.457	16.927	2.258
Glyma.01G027800	1.358	1.091	3.948	4.566	2.191	1.347	6.553	5.053	3.769	6.611	3.339	1.765
Glyma.01G028100	2.837	4.877	2.109	3.052	3.845	7.108	4.415	4.734	1.678	1.815	2.167	5.073
Glyma.01G028600	0.985	0.897	6.579	8.02	19.328	2.352	18.718	25.33	12.809	10.073	9.732	2.426
Glyma.01G028800	21.103	7.576	15.384	22.338	16.45	15.451	29.648	22.446	28.615	21.58	7.158	8.896
Glyma.01G028900	33.233	30.724	47.977	41.401	81.941	31.335	55.731	49.584	34.813	42.696	36.451	26.911
Glyma.01G029200	91.454	196.362	281.014	162.352	183.115	131.13	120.315	101.506	58.536	127.273	412.064	286.512
Glyma.01G029300	0.14	0	0.021	2.911	0.589	1.177	0.337	3.44	0.292	0.042	0.456	0.212
Glyma.01G029400	5.355	11.284	25.415	7.349	10.493	22.907	6.643	7.667	9.646	5.235	14.795	31.237
Glyma.01G029500	21.757	14.909	7.831	15.981	10.406	18.772	12.712	9.588	12.828	12.854	6.651	13.189
Glyma.01G030400	35.419	10.073	8.562	17.012	5.685	24.199	7.605	6.455	8.518	9.139	2.844	20.42
Glyma.01G030500	149.894	90.255	25.725	80.658	36.723	29.605	61.113	54.701	35.415	81.383	54.477	30.961
Glyma.01G030900	8.827	4.403	30.081	57.156	28.278	2.408	52.481	32.041	41.87	74.7	52.913	25.732
Glyma.01G031500	20.583	13.302	5.26	11.873	10.604	7.777	8.382	8.394	3.929	7.333	3.414	4.369
Glyma.01G031700	17.743	35.422	91.522	26.482	96.101	39.618	40.104	75.998	25.336	17.561	70.883	67.525
Glyma.01G031800	1.578	4.862	3.911	2.286	3.387	14.498	1.842	2.436	3.329	2.225	1.788	3.266
Glyma.01G031900	16.006	3.376	12.233	19.574	5.824	7.946	9.161	6.746	10.189	12.349	2.797	11.953
Glyma.01G032000	0.256	0.78	16.774	6.629	6.248	0.41	8.909	10.178	12.456	9.609	16.772	10.259
Glyma.01G032500	13.074	32.071	44.009	21.627	28.524	24.927	19.613	20.326	17.852	20.904	61.096	43.459
Glyma.01G032600	1.125	0.651	1.732	7.159	4.537	0.161	1.351	3.278	0.608	6.376	1.405	0.249
Glyma.01G033700	1.514	1.198	6.333	7.318	5.047	2.185	8.465	5.516	7.796	7.956	6.231	2.959
Glyma.01G033800	140.423	96.391	26.247	59.132	36.678	57.254	45.525	54.55	58.704	57.21	49.572	54.779
Glyma.01G033900	3.448	4.549	13.547	7.462	10.271	21.117	11.723	15.207	25.055	8.731	8.551	26.334
Glyma.01G034402	3.19	1.276	1.524	3.644	0.931	1.637	3.475	2.8	4.826	4.757	2.249	1.722
Glyma.01G034700	33.531	16.024	37.014	42.693	38.59	14.977	46.896	52.099	57.11	60.363	45.415	40.209
Glyma.01G034800	10.4	4.281	4.761	7.155	3.585	2.904	5.771	6.151	6.464	7.684	3.194	3.364
Glyma.01G034900	0.319	0.072	16.097	12.787	20.572	0.073	32.056	30.263	16.848	22.033	27.046	6.878
Glyma.01G035600	0.472	0.217	4.642	9.365	8.272	0.313	6.307	5.286	4.531	9.337	8.969	3.005
Glyma.01G035700	7.582	15.452	37.806	17.696	15.172	22.003	13.784	11.026	15.311	14.169	31.275	58.363
Glyma.01G036000	0.764	6.766	5.601	2.195	53.965	1.48	24.534	10.368	1.04	1.789	12.421	0.896
Glyma.01G036500	10.971	5.309	13.041	20.251	21.052	11.551	25.831	19.819	13.432	27.05	12.381	11.615
Glyma.01G036800	0.758	1.076	2.083	0.734	0.4	2.664	0.482	0.151	0.151	0.886	2.184	4.32
Glyma.01G036900	42.364	18.483	1.492	9.928	1.894	4.647	6.457	1.944	0.344	8.836	1.651	1.933
Glyma.01G037800	1.598	0.216	0.538	3.798	4.08	0.262	1.576	2.871	1.467	1.043	2.308	0.283
Glyma.01G038002	0.826	2.48	1.031	2.17	1.214	4.66	1.846	2.253	3.675	1.808	1.72	2.137
Glyma.01G038400	0.694	0.56	3.055	9.465	3.343	3.083	6.533	12.222	7.379	4.306	4.027	2.228
Glyma.01G038600	193.513	127.135	13.198	230.327	118.073	65.645	251.069	186.871	38.234	326.66	183.05	104.889
Glyma.01G039000	2.993	1.312	1.757	4.528	2.666	3.905	5.064	4.15	7.324	7.237	3.425	4.226
Glyma.01G039200	4.234	4.972	4.7	10.416	14.368	4.13	8.165	15.533	8.574	7.914	7.474	6.163
Glyma.01G039900	0.835	0.702	4.07	4.58	3.905	0.822	10.193	6.525	7.554	6.949	3.225	1.824
Glyma.01G040200	251.616	691.568	78.42	234.55	331.403	69.083	183.942	253.414	153.842	221.327	356.334	100.472
Glyma.01G040300	3.63	4.567	13.726	11.445	10.279	20.4	17.686	15.235	31.579	17.265	15.341	18.51
Glyma.01G040400	6.053	3.866	1.992	5.826	3.566	11.684	3.397	3.475	5.311	3.884	1.653	10.782
Glyma.01G040600	0.763	0.842	1.182	3.326	1.026	1.391	1.432	1.179	6.52	4.075	1.431	1.645
Glyma.01G040700	35.461	65.079	29.708	26.67	27.177	25.16	16.156	20.666	8.38	18.327	18.274	40.139
Glyma.01G041400	73.787	122.029	104.753	61.466	77.806	127.927	45.027	30.761	7.78	14.507	27.177	38.717
Glyma.01G041700	3.808	22.408	11.665	32.222	31.16	32.42	8.247	20.817	5.696	9.003	7.716	16.023
Glyma.01G042300	70.491	76.694	29.235	40.499	36.729	32.011	21.145	22.927	8.39	24.966	19.98	40.073
Glyma.01G043600	1.474	4.55	2.07	0.662	0.42	6.487	0.173	0.441	0.675	0.116	0.937	6.109
Glyma.01G044100	4.746	11.396	7.864	5.527	13.569	20.82	7.66	8.501	7.817	5.248	6.273	11.588
Glyma.01G044200	7.151	20.621	24.175	9.44	18.523	12.113	16.182	17.564	5.941	14.653	15.552	13.156
Glyma.01G044500	165.057	65.853	10.592	68.625	22.809	14.027	42.017	36.199	17.026	67.389	27.702	24.124
Glyma.01G044600	5.326	6.333	14.432	38.073	15.64	18.815	26.734	25.356	26.313	31.587	14.936	23.048
Glyma.01G045300	1.785	4.764	7.716	2.595	4.362	12.72	2.843	3.689	5.232	2.602	7.856	12.711
Glyma.01G045500	24.717	34.469	17.297	45.661	36.816	21.118	57.008	41.822	22.766	62.738	29.467	32.001
Glyma.01G046000	1.894	3.879	13.465	10.106	11.018	2.895	12.308	11.29	6.39	18.95	19.29	8.636
Glyma.01G046400	0.367	0.524	9.719	0.523	0.416	0.862	0.546	0.452	0.248	0.192	1.152	1.616
Glyma.01G046900	3.863	3.289	4.119	4.879	2.359	22.747	5.052	2.665	5.877	6.01	2.095	19.022
Glyma.01G047000	48.061	117.156	151.544	91.907	95.156	74.47	73.032	53.544	27.366	74.808	277.687	173.799
Glyma.01G047900	2.131	12.453	3.987	3.324	4.323	3.526	3.851	4.201	7.758	4.489	4.947	2.908
Glyma.01G048100	3.965	1.272	5.616	3.201	1.1	4.405	3.485	1.2	6.029	3.907	2.097	7.856
Glyma.01G049400	5.775	3.081	0.212	3.398	1.16	1.117	2.621	1.181	0.292	3.636	0.879	0.905
Glyma.01G050100	1.503	2.882	80.894	48.015	30.805	11.668	46.263	91.626	97.356	72.473	178.526	138.992
Glyma.01G050900	301.862	128.843	110.121	144.508	93.937	103.508	95.609	119.274	189.436	133.133	103.87	127.03
Glyma.01G051300	22.258	2.134	1.476	3.331	0.247	5.142	0.232	0.06	0.202	0.38	0.109	10.77
Glyma.01G052500	0.789	1.214	5.306	2.97	2.786	2.311	3.309	2.64	4.227	3.83	4.384	3.996
Glyma.01G052600	14.075	17.451	10.136	8.191	9.831	19.74	6.602	7.684	7.333	5.024	6.15	14.043
Glyma.01G053300	3.762	2.786	19.122	17.425	9.676	5.277	23.759	15.562	18.011	23.763	14.645	11.316
Glyma.01G053400	0.531	1.031	6.547	1.02	1.862	0.606	1.772	1.53	1.601	2.092	3.867	3.418
Glyma.01G053800	4.911	9.364	2.401	7.138	12.447	5.154	8.81	7.863	1.957	1.788	2.633	4.261
Glyma.01G054900	0.425	0.984	3.609	0.891	0.668	2.355	0.685	0.66	1.071	0.738	2.435	4.727
Glyma.01G056100	1.247	3.787	1.252	2.036	2.214	3.865	1.552	1.504	0.424	0.747	0.72	2.928
Glyma.01G056800	4.894	7.22	4.106	5.624	4.307	13.332	3.994	5.539	2.152	1.943	2.084	8.18
Glyma.01G057100	12.97	18.296	67.981	51.008	68.267	16.772	59.292	55.789	27.876	36.523	52.822	23.116
Glyma.01G057500	1.234	2.1	4.684	3.458	4.818	3.715	5.057	5.334	6.686	4.325	3.719	3.19
Glyma.01G058200	4.974	11.489	15.404	8.396	12.987	14.063	8.483	8.655	7.256	9.14	25.714	18.864
Glyma.01G058300	18.093	47.323	17.976	50.466	88.059	28.824	53.966	82.397	26.556	52.025	61.453	24.464
Glyma.01G058400	0.018	0.03	1.829	3.691	3.895	0.041	4.289	2.598	0.635	4.593	3.258	0.97
Glyma.01G058500	81.791	64.691	15.683	64.301	72.473	179.519	72.339	106.17	24.932	65.281	62.713	66.462
Glyma.01G060300	2.159	3.071	0.272	11.175	8.987	2.076	10.641	12.715	5.722	8.739	4.697	1.116
Glyma.01G061100	39.02	22.422	7.935	16.604	3.522	13.358	0.291	1.073	0.964	1.407	1.155	27.103
Glyma.01G061800	4.984	4.459	2.316	3.371	1.542	7.463	2.409	1.647	1.258	2.19	1.289	4.429
Glyma.01G062000	68.709	47.535	15.299	47.467	13.36	31.093	22.018	15.921	11.993	28.406	11.892	24
Glyma.01G062100	0.726	2.468	23.783	5.498	3.138	7.028	2.198	3.275	4.431	3.061	24.341	31.276
Glyma.01G062200	0.763	1.127	3.713	1.063	0.746	4.206	1.1	1.132	1.881	1.069	2.161	6.197
Glyma.01G062400	0.147	1.499	65.809	2.559	51.628	0.875	4.609	36.786	4.269	0.532	33.797	61.766
Glyma.01G063100	7.266	6.96	13.49	30.466	25.686	8.224	59.9	55.993	50.785	69.998	42.054	15.758
Glyma.01G063700	2.173	6.56	1.565	3.718	11.674	1.971	5.498	8.644	1.515	4.089	4.017	1.517
Glyma.01G063800	3.128	3.726	0.885	3.714	3.497	0.381	2.118	2.83	0.28	1.957	0.545	0.438
Glyma.01G065400	8.746	5.846	15.485	27.693	14.019	1.994	41.751	15.987	13.424	36.941	25.758	4.501
Glyma.01G067100	2.678	10.507	4.746	5.373	10.088	8.371	6.583	8.231	3.272	3.681	5.871	3.856
Glyma.01G067600	7.306	2.483	9.139	6.687	8.359	7.809	7.402	8.697	12.054	5.11	3.166	6.671
Glyma.01G067900	4.068	8.912	11.034	6.987	6.364	6.366	6.462	5.209	7.269	6.517	17.086	11.368
Glyma.01G068000	19.937	93.181	92.935	41.959	55.997	35.066	26.847	34.657	22.904	35.775	128.553	139.535
Glyma.01G069500	3.894	13.484	59.135	5.844	13.202	69.005	5.888	13.492	83.385	8.126	22.532	85.296
Glyma.01G071300	290.957	268.151	62.66	388.017	157.014	130.462	360.647	199.553	43.011	433.086	352.116	99.421
Glyma.01G071400	1295.798	1186.646	255.767	1686.429	694.217	404.189	1616.772	885.851	207.372	1834.012	1508.607	363.17
Glyma.01G071700	2.826	3.872	0.845	3.488	1.346	1.819	3.828	3.691	3.144	2.574	1.634	2.452
Glyma.01G074600	18.284	9.285	7.023	7.541	2.048	29.024	4.412	2.478	5.781	5.289	2.034	18.277
Glyma.01G075400	2.146	3.017	4.994	2.758	2.463	4.668	2.51	1.685	2.152	2.908	4.073	6.52
Glyma.01G076100	25.372	12.586	7.753	19.24	14.362	9.764	17.229	13.742	13.757	24.306	10.958	7.908
Glyma.01G076900	65.193	49.979	10.454	30.015	12.892	9.475	30.845	23.171	28.402	40.882	23.453	35.517
Glyma.01G077100	2.334	1.295	0.987	3.2	3.233	0.156	2.844	3.395	0.717	1.476	0.835	0.303
Glyma.01G078200	63.108	67.506	14.82	25.184	37.304	28.154	17.246	33.909	8.422	18.989	20.444	21.768
Glyma.01G078800	24.574	11.543	66.038	85.42	52.979	28.486	112.04	72.143	165.663	106.974	38.839	39.182
Glyma.01G079100	110.253	154.755	27.976	44.944	58.307	43.225	28.466	63.8	24.48	36.466	47.118	46.696
Glyma.01G080200	16.806	28.095	43.269	22.922	27.231	34.372	23.576	18.003	15.289	22.899	52.795	52.272
Glyma.01G080600	3.518	22.853	39.758	5.695	91.345	6.121	15.153	36.675	3.145	4.696	14.427	13.755
Glyma.01G081100	8.52	16.597	23.834	11.092	8.899	16.794	8.173	5.156	7.675	12.712	30.514	37.689
Glyma.01G081300	2.753	6.406	285.698	48.269	134.472	11.743	114.025	147.704	171.552	77.372	282.49	139.683
Glyma.01G081600	33.336	105.813	78.528	75.96	172.435	75.514	141.421	160.827	90.827	91.391	76.275	39.995
Glyma.01G081900	3.856	7.965	4.759	12.635	5.273	4.278	18.317	7.142	1.054	12.75	7.64	1.783
Glyma.01G082000	5.303	3.05	2.164	1.364	0.919	0.45	0.98	1.016	0.45	0.684	0.765	0.138
Glyma.01G083000	8.16	75.495	37.429	22.445	83.637	94.886	28.8	76.971	66.503	34.222	64.398	59.912
Glyma.01G083700	1.653	8.617	2.167	0.826	1.669	1.755	0.671	2.355	1.302	0.78	2.079	2.288
Glyma.01G084500	4.161	3.508	10.182	9.322	10.284	15.17	17.873	16.091	18.873	11.563	7.662	10.362
Glyma.01G084600	1.572	2.511	13.692	9.092	14.206	3.791	15.653	18.139	15.343	10.901	12.238	5.414
Glyma.01G084700	56.108	56.508	35.06	26.476	33.634	83.637	20.84	36.412	40.262	25.701	25.244	56.119
Glyma.01G084800	8.774	3.883	0.901	5.435	0.94	1.456	0.945	1.387	1.063	2.224	0.784	0.497
Glyma.01G086000	0.665	3.237	6.34	1.247	2.108	4.444	0.854	1.174	1.201	1.106	9.498	10.757
Glyma.01G087500	33.071	8.237	16.238	21.84	12.623	37.019	40.261	26.561	35.242	25.42	12.026	63.027
Glyma.01G087700	2.465	4.094	9.684	5.162	8.376	8.221	6.297	10.304	16.893	5.97	5.871	8.445
Glyma.01G087800	3.138	1.74	10.044	10.166	3.625	8.67	8.007	4.087	11.366	13.971	4.287	9.257
Glyma.01G087900	158.655	61.405	9.224	103.083	31.774	22.953	77.873	35.221	18.359	104.072	21.364	21.139
Glyma.01G089100	57.369	28.952	21.931	49.69	28.616	37.817	49.989	41.933	42.406	59.247	23.041	29.727
Glyma.01G089202	51.382	21.063	10.906	46.375	15.25	20.207	38.8	19.773	16.116	69.204	16.439	18.338
Glyma.01G089300	325.4	133.693	66.255	290.6	87.694	92.116	238.158	115.681	155.147	389.577	108.834	99.77
Glyma.01G093400	7.932	10.201	10.69	11.538	14.94	6.774	13.313	17.926	30.909	18.504	16.51	11.375
Glyma.01G093800	5.993	9.537	0.495	3.075	2.619	10.422	2.384	1.409	0.617	0.776	1.429	3.339
Glyma.01G096200	170.617	65.248	45.921	159.5	45.967	21.273	127.71	64.035	132.418	213.759	71.57	31.144
Glyma.01G096000	69.583	33.461	20.6	44.594	17.397	107.805	29.304	20.429	31.11	34.225	12.539	74.827
Glyma.01G095900	244.948	231.352	284.67	68.153	46.425	391.759	65.901	71.054	144.094	79.193	66.958	269.791
Glyma.01G095500	0.062	0	26.553	10.477	4.072	0	14.983	7.774	30.938	18.511	13.356	9.259
Glyma.01G095232	141.319	116.39	822.513	85.076	222.584	9.951	185.11	171.294	105.117	66.394	38.484	89.533
Glyma.01G096600	15.188	27.086	25.824	12.561	50.827	15.908	30.683	48.035	7.471	11.495	16.039	16.354
Glyma.01G097100	163.519	85.584	45.804	176.36	115.758	19.922	159.502	133.052	85	226.121	107.808	35.324
Glyma.01G097900	7.284	11.843	13.449	18.039	40.635	18.001	18.052	56.699	36.573	36.29	87.073	32.371
Glyma.01G098400	1.369	1.189	3.28	4.299	2.658	4.133	8.333	5.6	9.125	5.185	3.508	6.222
Glyma.01G098700	29.211	34.776	22.024	201.005	108.558	9.78	200.17	76.325	11.25	246.423	64.91	7.005
Glyma.01G100900	5.186	12.238	28.136	11.415	12.814	16.432	9.82	8.182	8.292	9.934	42.587	34.057
Glyma.01G102600	39.69	93.108	53.703	29.938	62.12	69.939	26.226	45.939	19.961	13.842	51.777	54.116
Glyma.01G104100	1.416	0.897	17.519	11.731	7.285	2.245	15.597	11.266	28.081	23.686	19.338	14.236
Glyma.01G104200	4.751	4.541	1.71	5.425	3.469	6.767	2.883	4.247	3.37	2.747	2.349	3.686
Glyma.01G104800	10.904	19.012	47.572	40.101	111.921	21.46	43.981	65.673	48.45	47.78	46.791	40.715
Glyma.01G105000	11.825	31.656	10.38	6.489	19.678	7.702	6.376	17.954	0.203	0.478	2.389	4.312
Glyma.01G105200	10.731	11.544	0.585	6.136	5.362	13.265	4.572	4.33	0.507	1.032	1.62	1.55
Glyma.01G106000	4.303	6.115	9.167	5.595	8.503	22.036	8.296	8.128	3.537	3.184	7.135	7.593
Glyma.01G106100	7.061	5.081	12.967	40.55	20.501	2.87	55.85	28.322	26.533	44.533	30.577	6.248
Glyma.01G106200	13.194	7.724	26.954	41.059	27.964	6.326	33.111	28.329	30.756	49.154	27.575	19.468
Glyma.01G106700	2.058	22.375	41.787	1.143	13.142	107.339	2.214	18.367	84.754	1.516	21.846	104.969
Glyma.01G107850	0.401	0.268	3.124	5.444	1.443	1.219	5.681	2.971	4.786	7.274	2.591	1.588
Glyma.01G107901	0.794	0.905	11.32	14.041	4.012	3.481	13.535	8.38	10.624	21.796	6.345	4.754
Glyma.01G107951	0.445	0.379	4.017	4.849	1.87	1.081	5.599	3.371	4.942	6.973	2.322	2.05
Glyma.01G109200	6.114	4.258	8.015	14.299	7.968	5.098	17.775	14.864	18.951	17.365	9.961	8.727
Glyma.01G109300	43.858	53.916	135.195	81.546	55.373	47.928	74.204	57.938	58.476	72.449	88.519	73.681
Glyma.01G109500	50.882	72.654	12.579	33.729	34.035	25.229	25.49	34.986	11.807	31.375	47.818	46.721
Glyma.01G109700	2.318	15.316	46.163	9.433	9.922	14.234	3.823	4.152	10.143	6.496	40.761	69.768
Glyma.01G110200	1.039	1.423	4.62	3.919	3.74	3.248	5.635	5.047	7.367	5.252	3.712	3.927
Glyma.01G110600	2.841	4.417	10.337	3.543	3.15	9.912	3.928	2.486	2.778	2.881	6.593	15.524
Glyma.01G112400	0	10.794	22.475	0.06	4.133	0	0	0.497	0	0	0.075	0.018
Glyma.01G112600	17.126	12.079	9.391	17.931	16.306	9.676	18.161	24.372	24.696	17.066	16.574	4.094
Glyma.01G112700	1.25	0.449	0.427	2.141	1.134	0.773	1.654	3.812	0.857	0.738	0.45	0.612
Glyma.01G112900	17.229	8.745	5.584	11.556	8.879	6.156	10.728	18.234	4.691	4.625	4.461	4.803
Glyma.01G113000	68.571	27.264	29.632	70.545	35.693	40.94	65.454	47.588	54.195	75.67	24.886	27.439
Glyma.01G113200	10.086	17.551	11.98	30.282	22.23	3.748	31.041	36.892	20.207	35.187	29.3	8.54
Glyma.01G114000	9.96	2.811	16.544	27.809	10.447	6.908	22.752	16.239	39.047	35.846	13.017	18.95
Glyma.01G114300	87.844	56.381	97.668	98.135	62.941	41.304	95.558	41.109	33.757	97.561	88.912	68.603
Glyma.01G114400	0.879	1.197	1.23	1.746	2.017	8.937	2.669	2.045	3.133	1.57	1.755	4.122
Glyma.01G114800	42.94	28.545	108.072	74.649	66.838	47.101	90.262	60.535	109.934	84.069	78.704	99.162
Glyma.01G115000	40.292	19.086	1.328	32.799	8.926	6.041	30.087	10.945	2.487	31.754	4.646	7.115
Glyma.01G116300	7.361	12.252	5.603	3.517	0.309	10.824	0.432	0.394	0.05	0.088	0.085	2.299
Glyma.01G117900	0.881	1.662	1.487	0.837	0.753	8.766	1.411	1.239	2.858	0.988	0.956	4.591
Glyma.01G118350	2.691	3.643	4.492	6.026	14.089	6.906	20.366	18.149	9.407	7.375	7.951	4.021
Glyma.01G119300	1.136	0.869	10.169	13.445	8.164	1.023	10.35	10.612	4.88	8.04	4.321	1.67
Glyma.01G119400	6.894	23.339	37.143	11.578	22.418	16.733	11.559	9.002	9.111	9.721	58.694	35.661
Glyma.01G119500	6.475	6.826	24.108	5.62	11.127	19.561	4.87	7.205	12.749	4.364	11.195	19.462
Glyma.01G120300	0.702	0.233	0.177	2.216	0.972	8.428	0.317	0.405	0.023	3.486	0.927	2.355
Glyma.01G120400	38.004	46.061	51.631	41.422	75.269	16.171	58.236	73.902	32.577	50.37	44.127	27.548
Glyma.01G121209	9.531	101.289	70.31	19.655	325.017	26.237	26.868	88.514	1.386	2.915	9.801	14.033
Glyma.01G121700	43.738	13.522	59.18	78.471	35.522	31.937	87.095	50.926	98.798	125.259	56.082	56.924
Glyma.01G122000	4.876	2.834	9.302	2.967	1.539	14.072	2.028	2.586	13.308	2.695	2.6	9.955
Glyma.01G124300	6.055	22.69	55.511	11.289	17.403	20.937	7.554	8.244	9.605	9.12	93.682	73.479
Glyma.01G124500	6.279	8.37	51.113	105.484	257.112	32.528	181.712	198.209	236.108	195.686	38.929	47.833
Glyma.01G124700	49.618	27.428	25.138	14.804	8.175	44.022	26.829	21.694	22.743	27.405	13.464	63.235
Glyma.01G125800	1.626	0.115	4.843	5.795	1.112	0.232	5.728	1.039	0.886	3.942	0.526	0.114
Glyma.01G125900	30.946	43.38	53.496	56.67	78.84	31.546	70.331	66.424	28.138	52.567	57.413	29.573
Glyma.01G126000	15.858	27.315	32.353	15.221	28.372	36.939	20.113	23.401	18.591	9.666	17.552	32.025
Glyma.01G127200	33.04	24.224	3.291	12.804	8.058	89.077	13.525	3.17	0.662	5.252	3.051	45.44
Glyma.01G127400	25.949	25.452	26.997	43.382	47.074	5.778	60.886	51.004	17.225	35.567	39.286	9.742
Glyma.01G127500	0.989	1.043	5.485	3.971	6.798	0.961	6.159	7.853	3.526	3.848	5.46	1.728
Glyma.01G128100	3.862	1.631	0.656	1.957	0.085	12.783	3.916	0.602	0.971	1.351	0.269	4.172
Glyma.01G128200	17.031	2.029	3.473	4.054	3.714	9.843	3.056	4.832	9.211	3.725	2.735	6.632
Glyma.01G129100	5.831	2.454	0.579	1.293	0.663	5.238	4.025	2.53	0.424	1.249	0.863	3.454
Glyma.01G129400	5.032	11.486	23.931	25.206	57.408	5.01	35.143	68.072	93.974	17.749	31.655	3.871
Glyma.01G130000	1.189	6.099	5.759	5.337	20.86	7.444	13.461	22.039	12.501	4.129	19.103	8.319
Glyma.01G130400	0	0.434	6.2	1.181	0.503	0	0.189	0.261	1.152	0.954	7.463	3.857
Glyma.01G131300	1.99	3.909	4.629	8.604	7.45	2.427	9.899	11.081	5.355	8.048	6.64	2.393
Glyma.01G131500	7.223	15.063	6.663	30.23	20.903	21.08	31.88	27.297	19.909	24.624	12.136	11.941
Glyma.01G132000	101.81	77.761	12.033	11.044	4.259	68.492	1.959	2.257	1.753	2.414	2.998	62.433
Glyma.01G132300	12.637	11.242	5.449	9.336	6.789	14.756	7.245	7.148	5.37	6.632	3.939	9.583
Glyma.01G132600	0	0.033	12.513	9.7	2.906	0.087	6.606	4.975	5.197	4.005	7.505	2.351
Glyma.01G132800	3.383	1.18	3.442	4.192	3.472	6.458	4.595	3.981	7.306	5.816	3.295	6.028
Glyma.01G132932	0.303	0.165	1.631	1.565	0.601	0.922	1.166	1.035	4.199	2.581	1.084	1.187
Glyma.01G133000	1.555	1.373	5.573	4.246	4.325	15.874	7.599	6.488	11.311	7.723	8.66	9.589
Glyma.01G133501	12.675	5.228	5.076	12.918	3.776	16.025	9.199	4.14	10.12	12.152	5.378	13.392
Glyma.01G134600	2.264	0.486	0.133	0.574	0.746	7.041	0.954	0.937	0.184	0.317	0.543	4.19
Glyma.01G134700	18.045	8.066	1.934	9.046	2.637	25.544	2.11	0.949	0.145	0.834	0.8	18.345
Glyma.01G135200	3.557	0.803	0.05	0.966	0.511	2.602	3.114	0.595	0.021	0.798	0.185	0.425
Glyma.01G139500	2.51	3.513	11.047	8.755	10.387	4.576	11.923	12.895	14.083	12.687	11.847	7.37
Glyma.01G140850	0.472	0.773	2.327	0.567	0.449	4.303	0.459	0.582	1.046	0.375	1.438	5.399
Glyma.01G142851	0.696	1.553	4.271	1.308	3.04	5.867	2.684	2.662	4.286	1.16	1.618	4.055
Glyma.01G143100	4.875	6.743	13.989	6.29	6.786	17.355	7.646	9.153	13.284	4.155	7.581	21.278
Glyma.01G144500	0.092	0.112	2.506	6.192	1.095	0.417	4.546	2.514	2.43	4.709	1.768	0.648
Glyma.01G145300	7.73	12.383	15.94	8.257	9.644	17.178	6.507	6.605	9.49	8.001	17.745	25.397
Glyma.01G145400	139.895	171.891	140.382	148.81	92.687	67.92	95.379	64.004	92.136	151.898	238.361	150.635
Glyma.01G147400	0.586	6.261	11.382	1.533	4.548	9.465	0.782	2.071	1.777	0.835	22.558	25.75
Glyma.01G147600	0.288	0.46	2.234	1.49	8.5	0.085	2.299	6.143	1.863	2.094	4.074	0.934
Glyma.01G148600	1.805	4.538	3.537	2.372	3.337	8.836	2.343	3.16	5.034	2.579	3.602	6.893
Glyma.01G148700	1.649	1.627	22.807	6.311	5.675	2.834	16.09	8.942	2.55	5.327	12.274	4.258
Glyma.01G148800	9.801	7.819	60.584	24.892	18.287	46.508	26.911	18.439	57.864	31.946	46.693	88.616
Glyma.01G149300	22.142	23.817	58.221	70.269	102.546	28.836	88.892	106.933	87.819	85.159	71.869	40.002
Glyma.01G150500	2.752	6.244	8.722	3.509	8.256	15.037	5.227	9.266	8.065	3.332	8.483	13.285
Glyma.01G151200	4.037	2.234	0.341	1.392	0.301	1.319	0.63	0.317	0.41	1.404	0.462	1.757
Glyma.01G151300	42.491	22.969	1.977	15.254	3.164	5.624	6.116	4.128	3.604	13.169	4.308	11.033
Glyma.01G151600	5.778	12.436	13.156	7.95	27.682	7.146	13.66	23.286	7.516	10.361	13.788	8.008
Glyma.01G151700	5.599	5.325	8.279	9.416	8.875	3.62	9.627	11.984	12.948	12.464	7.569	5.076
Glyma.01G152100	1.089	1.426	10.876	5.314	5.516	4.35	10.767	15.628	26.803	8.516	11.03	6.341
Glyma.01G152700	11.51	5.314	4.495	15.453	13.252	14.696	16.433	22.299	10.394	20.449	8.098	6.257
Glyma.01G152900	9.031	3.374	10.678	95.602	63.736	2.814	219.568	131.648	111.06	190.471	116.835	24.353
Glyma.01G153200	10.393	14.663	37.737	8.402	23.322	11.208	14.796	18.985	5.022	4.512	10.423	8.604
Glyma.01G153500	33.788	38.395	25.761	14.954	12.408	19.659	9.535	10.357	16.423	10.66	10.692	17.769
Glyma.01G153600	0.494	1.252	9.178	1.993	3.177	4.768	2.726	4.595	10.312	3.407	4.208	5.951
Glyma.01G154900	228.06	416.955	391.047	60.556	115.06	764.727	47.301	135.44	234.375	27.601	46.095	414.819
Glyma.01G155000	1.71	3.077	8.224	1.542	1.602	9.877	1.125	1.014	3.041	1.221	3.576	14.34
Glyma.01G155200	1.854	4.478	8.859	3.603	5.497	10.214	5.806	5.639	8.769	3.635	4.029	11.458
Glyma.01G155300	2.676	5.06	14.814	9.084	12.415	5.4	16.163	14.844	16.802	14.02	15.379	8.645
Glyma.01G155900	3.155	3.165	2.894	6.935	6.028	2.155	8.474	11.462	12.437	9.817	8.099	3.488
Glyma.01G156200	33.041	32.908	9.481	32.308	25.567	47.538	14.685	12.078	2.869	11.37	6.227	17.932
Glyma.01G156700	7.51	2.545	9.993	13.283	10.89	3.712	24.223	17.295	2.307	7.952	5.341	3.649
Glyma.01G157000	6.577	8.274	15.327	50.266	20.241	11.086	29.894	26.361	18.238	42.296	17.289	12.562
Glyma.01G157100	3.107	11.032	3.847	6.253	6.97	5.146	4.37	6.897	2.316	4.943	10.983	6.874
Glyma.01G157300	0.819	2.946	15.137	7.881	12.557	13.788	5.883	11.116	8.684	5.902	6.408	7.332
Glyma.01G157400	20.323	23.305	21.022	14.163	13.439	54.197	20.638	17.113	33.856	26.043	14.046	52.242
Glyma.01G157800	15.082	9.592	7.224	12.311	7.276	11.943	11.701	9.374	14.312	14.706	6.206	11.622
Glyma.01G157900	76.415	59.87	23.164	59.438	38.338	70.285	51.375	45.946	38.548	69.504	28.197	47.03
Glyma.01G158400	0.923	2.638	2.788	1.485	2.303	5.351	1.504	2.212	2.899	1.487	2.581	3.75
Glyma.01G159000	5.601	8.381	11.737	5.824	10.676	21.363	6.379	9.089	11.578	6.62	7.576	15.494
Glyma.01G159100	0.596	0.889	3.354	1.203	0.846	3.613	1.188	0.832	1.436	1.076	1.794	4.433
Glyma.01G159600	0.926	1.087	5.437	2.004	0.971	4.17	1.912	0.997	1.784	1.936	4.619	8.613
Glyma.01G159700	1.251	0.217	7.064	5.72	0.995	0.453	5.328	1.444	1.511	3.43	0.544	0.399
Glyma.01G159800	5.873	16.485	30.553	13.035	37.593	33.089	16.128	28.999	21.21	11.955	18.882	25.905
Glyma.01G160100	6.405	23.362	9.758	7.229	45.138	36.624	6.982	17.828	5.714	9.339	17.315	13.252
Glyma.01G160300	0.801	0.172	8.471	2.51	0.594	0.207	2.196	0.719	0.436	1.224	0.539	0.358
Glyma.01G161100	1.974	1.108	0.491	1.384	0.385	7.275	0.496	0.672	0.085	0.188	0.14	12.263
Glyma.01G161200	6.611	3.365	11.832	15.851	13.454	27.834	15.849	22.175	27.837	16.229	8.281	18.993
Glyma.01G161500	293.66	170.342	71.727	117.294	81.101	313.261	42.588	103.47	166.801	83.429	18.262	83.333
Glyma.01G161600	5.428	3.35	8.641	5.053	7.635	12.67	5.829	5.705	7.083	4.873	2.175	9.159
Glyma.01G161700	5.47	7.671	28.627	9.579	16.686	53.008	11.579	15.52	37.916	8.762	9.342	21.061
Glyma.01G162800	9.944	21.184	67.297	17.205	52.448	55.895	29.405	45.082	74.985	14.988	34.021	52.838
Glyma.01G163000	14.946	11.388	7.42	11.935	12.444	15.12	16.166	14.511	7.629	7.89	5.34	9.473
Glyma.01G163100	16.894	5.963	9.099	30.117	16.65	5.632	18.571	18.142	10.434	16.429	9.251	6.982
Glyma.01G163200	2.428	7.244	7.166	2.505	5.382	12.449	2.793	4.992	7.305	3.846	8.12	13.629
Glyma.01G163800	2.044	3.426	15.388	2.983	3.395	10.34	2.717	2.647	6.061	2.111	7.419	19.565
Glyma.01G164000	4.618	2.35	23.497	34.458	20.453	5.31	45.913	27.901	50.301	51.076	21.535	13.589
Glyma.01G164700	0.564	0	1.718	3.393	4.346	0.049	5.865	5.323	4.602	6.721	5.524	1.509
Glyma.01G165300	10.047	9.469	8.381	5.511	6.24	3.324	4.444	3.701	4.253	4.616	4.622	5.188
Glyma.01G165900	13.142	3.793	1.987	3.271	1.723	3.352	2.425	2.327	1.115	2.962	1.491	2.278
Glyma.01G166000	192.708	52.904	20.162	27.23	15.639	62.677	6.969	7.905	6.061	18.28	3.507	74.874
Glyma.01G166100	4.826	3.842	4.134	4.511	3.128	18.844	4.766	4.135	5.5	4.355	2.95	9.323
Glyma.01G167300	13.926	43.655	83.597	20.352	36.365	24.046	16.84	17.322	14.591	17.568	95.142	81.238
Glyma.01G167500	16.45	37.652	143.362	51.011	235.646	16.976	141.2	176.433	49.308	67.478	128.018	53.834
Glyma.01G168000	24.848	24.918	32.938	52.782	60.62	28.759	64.879	67.956	31.665	54.844	35.916	21.53
Glyma.01G168200	8.124	4.21	10.83	34.681	25.854	4.307	69.372	56.762	32.072	50.113	23.773	7.444
Glyma.01G168400	8.011	18.582	79.753	78.09	85.905	14.769	105.299	117.504	116.771	154.212	101.813	46.905
Glyma.01G168500	212.293	100.476	4.623	191.229	64.131	7.639	173.934	54.8	5.414	219.219	67.251	9.159
Glyma.01G169400	1.512	3.195	7.886	6.875	6.687	5.9	7.774	8.445	8.889	7.666	14.741	13.776
Glyma.01G169500	0.841	6.685	7.905	1.715	2.214	3.035	1.335	3.023	7.58	1.695	5.357	3.233
Glyma.01G170200	2.996	6.066	52.131	58.954	72.075	12.322	97.631	121.761	108.276	102.498	173.456	40.199
Glyma.01G170300	221.525	251.494	154.328	105.419	102.769	211.654	68.292	127.516	36.031	35.826	45.566	220.391
Glyma.01G171000	5.193	3.079	5.749	5.72	4.028	3.871	6.342	5.656	9.969	8.457	3.859	3.367
Glyma.01G171400	7.436	3.211	8.418	14.319	8.612	6.386	16.261	12.846	8.081	9.624	6.469	6.873
Glyma.01G171800	9.171	25.03	12.731	5.059	22.391	13.141	4.735	13.367	8.35	3.02	9.152	7.7
Glyma.01G171900	6.411	4.607	24.837	43.91	43.557	13.534	67.042	57.11	57.207	32.489	32.07	18.298
Glyma.01G172200	1.449	1.55	7.726	3.568	8.308	7.767	5.393	6.879	6.097	2.221	4.441	5.645
Glyma.01G172400	23.464	12.936	21.974	24.042	17.532	43.983	28.209	16.834	20.604	20.526	10.783	37.736
Glyma.01G172600	6.976	4.252	29.533	6.001	42.536	30.222	35.994	43.04	4.238	3.045	8.661	11.629
Glyma.01G173050	133.451	69.997	20.108	49.218	25.702	32.112	34.605	33.629	26.891	45.227	34.058	38.342
Glyma.01G173200	34.684	19.753	32.181	20.851	15.439	20.804	16.623	9.751	18.692	24.984	15.459	30.938
Glyma.01G173300	135.031	85.874	108.254	84.155	82.02	40.935	65.151	40.302	52.371	79.697	77.867	78.235
Glyma.01G173600	2.683	0.157	2.419	7.946	9.724	0	12.385	14.076	6.934	5.52	9.998	1.067
Glyma.01G173800	9.83	17.879	7.443	3.643	0.812	19.807	0.442	0.463	0.305	0.262	0.138	12.949
Glyma.01G174000	1.267	3.764	7.744	2.698	2.932	5.029	1.687	1.743	1.482	1.775	15.121	14.15
Glyma.01G175200	3.226	8.836	45.619	38.124	42.444	6.654	56.008	60.631	76.251	78.664	59.475	23.109
Glyma.01G176400	0.881	3.346	6.988	1.452	2.676	4.557	1.167	1.335	0.949	1.255	13.395	11.315
Glyma.01G177400	2.256	2.341	3.128	2.63	0.942	11.225	2.493	1.473	4.625	2.326	1.199	10.849
Glyma.01G177500	0.188	0.023	0.34	5.998	0.674	0.19	18.662	4.008	29.451	10.564	1.189	0.198
Glyma.01G177700	39.089	29.607	18.477	26.043	22.74	38.267	23.679	21.988	15.682	20.983	17.694	23.659
Glyma.01G178500	0.702	0.94	0.663	1.936	3.653	0.211	0.316	0.693	0.049	0.465	0.612	0.283
Glyma.01G179100	1.703	1.374	2.827	2.131	1.311	5.464	1.804	1.265	5.003	2.058	1.885	5.728
Glyma.01G179251	0.408	0.418	2.471	0.419	0.123	1.803	0.279	0.165	0.854	0.696	1.103	3.711
Glyma.01G179300	1.059	0.976	8.796	3.475	3.655	3.598	5.016	3.518	9.17	4.908	5.807	5.398
Glyma.01G179400	69.719	41.651	7.722	32.587	13.516	4.373	11.045	7.159	1.055	15.696	10.603	6.26
Glyma.01G179900	112.149	53.102	43.808	54.47	31.345	52.79	45.215	45.264	77.217	52.862	36.283	59.676
Glyma.01G180366	0.329	0.088	52.118	46.201	7.918	0.099	67.315	14.94	139.195	71.61	10.024	15.276
Glyma.01G180700	2.151	1.476	3.762	2.827	3.266	10.383	2.11	2.434	2.812	1.933	1.476	6.897
Glyma.01G180800	841.526	509.383	477.546	627.558	569.146	264.591	578.376	573.24	779.097	711.162	520.912	314.932
Glyma.01G181102	5.261	1.394	0.499	0.532	0.167	0	0.149	0.342	0.221	0.401	0.287	0
Glyma.01G181800	4.269	1.513	0.287	0.703	0	1.079	0.599	1.18	0	0	0.043	0.409
Glyma.01G181900	12.241	4.665	1.172	1.248	0.2	0.658	0.405	0.196	4.231	1.234	0.619	1.073
Glyma.01G182400	2.454	1.128	2.358	3.249	1.991	2.253	4.703	3.103	3.366	4.862	1.319	3.347
Glyma.01G182500	30.239	79.093	94.147	36.028	80.683	133.534	33.513	66.001	108.94	42.818	62.645	103.013
Glyma.01G183000	1.942	1.43	1.736	3.8	2.878	0.882	3.237	3.014	2.027	2.338	1.969	1.215
Glyma.01G183100	1.203	2.221	39.412	25.875	53.464	2.835	29.436	39.657	18.631	29.3	30.979	21.972
Glyma.01G184300	4.321	3.091	5.466	3.93	4.362	4.262	5.24	6.684	6.584	4.093	5.002	2.512
Glyma.01G184400	4.982	6.108	7.599	4.881	5.488	18.957	4.834	4.141	6.09	4.901	3.968	11.479
Glyma.01G185300	125.257	67.93	56.245	98.841	57.231	57.791	93.008	47.652	55.909	110.086	74.661	60.877
Glyma.01G185400	9.851	16.66	19.076	26.322	18.522	32.149	21.933	20.725	64.996	30.094	13.027	17.316
Glyma.01G185600	11.254	7.168	3.992	7.509	4.271	9.818	3.701	4.255	5.307	6.452	4.27	13.288
Glyma.01G185800	1.549	1.795	1.287	1.32	3.382	4.906	1.254	2.346	0.306	0.467	0.623	1.961
Glyma.01G186600	81.828	275.597	227.249	112.639	396.335	241.367	202.855	365.196	106.441	63.885	144.315	122.679
Glyma.01G186800	0.731	0.67	65.24	49.045	34.453	1.641	61.619	56.458	75.434	66.804	56.597	21.598
Glyma.01G187200	4.021	3.786	20.681	16.492	13.103	5.945	16.29	11.366	17.305	24.69	20.12	16.43
Glyma.01G187300	6.661	5.624	16.014	23.335	15.088	12.356	30.365	16.233	13.318	36.176	18.98	15.841
Glyma.01G187400	7.466	2.271	14.133	5.579	2.414	1.618	4.391	2.481	1.305	2.889	5.02	2.541
Glyma.01G187600	0.02	0.278	3.116	1.007	1.411	2.52	1.041	1.469	7.658	1.15	2.331	3.74
Glyma.01G187800	7.349	3.462	5.574	4.437	2.342	11.121	4.59	3.355	6.902	4.602	1.934	8.163
Glyma.01G188000	2.683	2.444	13.138	6.331	3.423	6.208	6.747	3.901	8.468	7.35	6.442	9.164
Glyma.01G188200	1.781	1.474	5.728	4.975	6.463	3.169	9.136	9.493	8.311	6.336	5.104	3.253
Glyma.01G188500	13.772	162.629	212.822	24.224	99.251	300.563	31.22	92.753	166.366	30.372	110.265	244.076
Glyma.01G188600	29.234	47.906	17.822	16.584	22.786	41.595	13.613	29.925	19.425	16.591	22.341	33.557
Glyma.01G189000	7.919	3.551	3.054	2.948	2.432	2.575	1.494	2.6	2.428	1.963	1.612	0.708
Glyma.01G189100	15.451	8.426	3.698	10.201	5.784	13.773	15.723	7.839	7.414	10.456	3.095	5.514
Glyma.01G189500	5.47	5.069	14.223	9.712	17.288	7.703	18.435	15.626	11.034	12.601	10.909	4.977
Glyma.01G189800	17.489	17.763	4.944	9.609	9.085	17.506	5.029	7.46	5.456	4.615	6.388	12.051
Glyma.01G190000	1.284	0.147	14.259	4.141	1.297	0.444	5.023	1.53	1.541	2.496	0.723	0.734
Glyma.01G190100	12.632	23.703	15.722	34.296	52.412	63.932	33.964	39.496	16.662	29.5	33.691	22.239
Glyma.01G190700	9.991	33.346	9.263	8.112	5.89	30.16	6.257	6.434	9.348	6.59	11.35	26.194
Glyma.01G190900	6.225	9.307	69.47	61.203	224.521	5.681	153.819	178.813	32.091	97.699	141.937	28.182
Glyma.01G191200	31.61	6.233	17.114	21.137	2.341	51.982	6.257	2.79	41.493	16.358	1.087	19.446
Glyma.01G191300	0.336	1.094	0.461	0.726	0.441	3.887	0.303	0.61	0.238	0.334	0.313	2.934
Glyma.01G191500	95.349	51.702	4.346	61.179	19.327	10.795	49.727	27.417	7.029	72.436	18.259	10.118
Glyma.01G191600	308.047	166.716	9.382	201.321	61.614	28.33	160.534	86.438	16.162	219.574	57.597	26.446
Glyma.01G191900	2.12	1.875	5.236	3.676	7.596	2.998	4.876	6.215	3.049	3.128	3.146	1.838
Glyma.01G192100	7.859	14.99	43.967	9.463	15.916	90.174	11.193	15.748	59.836	10.857	13.861	50.829
Glyma.01G192300	46.679	28.609	7.213	44.156	17.678	16.194	37.676	25.893	24.014	55.049	19.552	20.291
Glyma.01G192500	1.908	0.644	10.912	9.35	9.096	1.058	20.445	21.726	25.034	16.526	19.168	7.208
Glyma.01G192600	22.213	8.739	7.409	10.089	12.255	0.837	4.496	4.354	0.471	7.239	27.398	12.418
Glyma.01G193200	6.755	9.976	8.081	8.404	21.71	7.459	15.609	26.354	6.318	7.792	14.289	4.74
Glyma.01G193300	0.621	2.115	1.383	0.945	0.424	16.139	0.015	0	0.025	0	0	6.838
Glyma.01G193500	0.259	0.089	3.659	0.855	0.246	0.32	1.034	0.3	0.376	0.258	0.294	0.383
Glyma.01G193600	4.697	12.816	9.399	5.962	8.94	20.749	10.443	19.006	30.902	7.733	5.797	15.18
Glyma.01G193700	31.741	36.746	26.413	39.214	45.287	16.164	40.502	34.262	11.944	40.909	51.159	13.813
Glyma.01G193800	28.922	69.432	129.302	55.53	78.116	63.271	52.424	52.833	52.137	45.594	133.369	127.308
Glyma.01G193900	0.205	0.356	3.087	1.235	0.965	1.833	2.244	2.521	7.511	1.827	1.761	2.501
Glyma.01G194200	3.595	3.634	9.177	10.701	7.684	4.39	15.117	9.982	11.806	13.75	6.978	6.787
Glyma.01G194700	2.359	4.901	8.793	2.826	5.262	9.796	2.852	5.69	7.878	1.72	4.604	8.192
Glyma.01G194900	6.581	13.412	17.879	8.251	16.174	36.999	8.033	17.587	25.081	6.702	11.328	28.186
Glyma.01G195000	1.391	0.835	13.206	6.578	14.338	1.098	19.927	21.03	10.715	8.587	16.124	3.632
Glyma.01G195600	14.157	6.626	1.282	5.527	1.661	4.348	1.329	1.773	0.849	3.082	0.759	3.688
Glyma.01G196600	62.423	26.23	12.002	35.711	21.463	40.126	20.666	24.015	11.916	37.482	20.459	23.574
Glyma.01G196800	6.954	3.374	23.33	26.056	61.209	1.06	21.362	32.017	5.315	25.643	24.355	7.364
Glyma.01G197500	1.778	0.694	16.719	14.576	14.862	0.356	19.881	18.976	24.687	11.876	14.081	4.79
Glyma.01G197800	5.94	8.308	26.44	27.125	24.003	7.272	35.629	31.172	41.737	36.936	21.322	11.308
Glyma.01G198100	46.127	61.883	132.067	87.217	70.757	85.363	79.224	69.228	10.794	21.038	46.013	14.746
Glyma.01G198900	1.229	3.281	4.254	1.579	1.816	3.584	1.187	1.776	0.934	0.799	3.611	4.127
Glyma.01G199200	9.572	8.329	8.419	10.19	3.144	5.868	8.057	4.269	7.979	12.556	8.827	28.919
Glyma.01G199400	18.148	14.495	3.037	12.128	12.118	6.086	6.871	12.407	7.664	12.361	15.571	7.646
Glyma.01G199600	2.053	1.803	4.711	2.554	1.578	5.79	3.558	2.309	3.086	2.31	2.679	6.998
Glyma.01G199700	731.937	380.041	393.436	515.025	374.397	230.466	471.605	379.355	514.401	532.065	413.859	338.708
Glyma.01G200200	24.437	39.158	17.049	14.78	19.065	52.694	14.867	20.946	32.281	17.024	10.712	39.765
Glyma.01G200800	9.542	7.457	10.035	24.209	15.526	10.371	38.479	24.991	24.72	30.071	12.432	11.969
Glyma.01G201000	254.475	141.952	223.751	280.585	264.752	101.083	301.532	197.068	164.847	292.032	227.818	161.469
Glyma.01G201300	0.901	2.481	5.057	1.752	3.163	7.521	4.029	3.316	7.647	3.11	3.258	4.809
Glyma.01G203100	56.572	11.783	6.249	27.836	3.844	9.572	13.1	4.655	11.605	28.722	3.86	10.163
Glyma.01G203300	5.95	13.698	10.287	9.815	11.329	23.844	11.94	7.974	11.304	9.536	4.855	23.547
Glyma.01G203400	14.394	32.727	42.526	25.538	8.824	141.447	4.553	5.869	38.895	7.124	16.609	254.266
Glyma.01G203500	2.306	4.034	1.384	1.808	1.293	10.479	1.111	1.118	1.519	0.662	1.026	4.278
Glyma.01G203600	12.518	27.394	88.552	35.484	37.619	31.843	31.336	27.128	36.291	33.545	95.626	87.835
Glyma.01G204200	2.464	7.045	12.559	2.829	25.832	5.118	5.481	7.22	4.323	3.119	2.716	6.224
Glyma.01G204300	5.928	10.155	16.147	7.282	11.699	24.305	9.755	9.039	15.759	6.447	9.473	22.738
Glyma.01G204400	55.751	48.201	36.942	12.626	43.155	79.06	42.605	30.934	1.063	0.632	5.793	26.64
Glyma.01G205100	6.838	7.528	2.88	4.338	2.39	7.666	3.35	3.438	2.745	3.878	2.209	4.312
Glyma.01G205700	113.684	87.999	36.14	61.923	40.977	57.049	42.421	46.124	58.951	66.143	39.536	72.799
Glyma.01G205900	18.193	57.178	20.332	16.708	47.631	40.366	13.295	27.676	9.288	10.412	10.549	25.951
Glyma.01G206500	1.571	1.636	13.382	2.287	4.022	20.203	3.052	5.654	30.684	2.972	4.476	20.291
Glyma.01G206600	13.361	4.006	2.43	4.077	1.515	10.96	6.143	4.487	2.741	5.707	2.968	8.713
Glyma.01G207200	8.117	22.505	24.755	9.943	24.905	35.905	13.483	20.078	18.678	8.894	18.535	25.77
Glyma.01G207300	14.756	20.549	7.642	52.742	17.759	17.264	37.976	28.126	8.606	15.288	9.969	6.19
Glyma.01G207500	40.999	70.355	32.338	25.532	62.403	27.098	37.865	35.439	14.121	12.323	16.089	18.303
Glyma.01G207700	38.543	96.752	233.316	77.926	93.559	78.564	61.978	48.117	45.04	62.456	248.626	216.207
Glyma.01G208000	70.327	18.576	0.541	40.635	10.975	0.977	29.968	12.455	1.572	42.617	6.804	1.068
Glyma.01G208100	13.764	21.906	26.136	17.288	21.611	16.349	17.114	14.27	13.131	17.518	40.093	26.364
Glyma.01G208200	16.058	8.089	4.15	6.318	11.795	0.544	2.911	7.513	2.969	3.154	2.15	1.669
Glyma.01G208700	2.123	1.495	3.996	2.714	5.225	7.854	4.708	6.51	9.237	4.606	4.767	5.304
Glyma.01G209500	0.068	0	45.026	28.447	0.812	0	15.782	0.799	37.249	13.851	1.296	2.016
Glyma.01G209800	4.344	14.695	17.063	6.63	12.185	18.261	6.565	7.256	6.872	5.649	28.885	24.676
Glyma.01G210400	1.544	1.131	1.513	3.807	4.247	3.368	11.887	5.993	6.121	6.113	4.606	3.611
Glyma.01G210600	0.942	0.173	4.629	7.111	2.893	0.372	11.108	5.164	7.803	10.892	3.86	1.462
Glyma.01G210800	0.243	4.591	15.396	2.248	10.564	8.013	6.621	12.847	5.236	3.629	41.384	13.059
Glyma.01G211200	20.554	66.958	24.571	32.22	68.008	21.657	29.431	42.217	14.618	32.373	66.418	24.491
Glyma.01G211500	4.747	2.387	0.939	0.897	0.994	3.389	0.649	1.647	1.546	0.91	0.567	0.795
Glyma.01G211900	2.896	4.477	10.781	6.102	15.463	4.374	16.222	15.304	19.28	9.253	11.163	6.216
Glyma.01G212000	1.992	5.438	8.15	4.699	4.801	4.528	2.98	3.634	4.167	4.144	8.265	9.462
Glyma.01G212200	7.851	6.243	2.399	5.025	3.243	10.74	3.519	2.235	2.388	3.03	1.429	5.879
Glyma.01G212300	4.674	2.92	0.314	3.701	1.796	0.603	3.462	1.792	0.331	4.294	1.766	1.002
Glyma.01G212700	10.82	4.385	3.72	8.867	4.63	3.387	8.464	5.85	5.128	9.535	4.59	3.663
Glyma.01G212800	2.478	2.937	12.365	7.045	6.79	11.064	9.293	8.978	0.521	9.874	4.918	9.667
Glyma.01G213500	2.24	12.901	6.626	2.602	2.662	12.258	1.482	3.48	6.284	1.169	1.992	5.122
Glyma.01G213600	0.74	1.305	7.227	5.869	4.139	2.922	10.213	8.168	11.213	8.171	6.605	3.232
Glyma.01G213700	57.725	40.138	4.287	48.271	24.198	24.354	34.441	30.723	15.825	53.124	26.513	17.555
Glyma.01G214200	0.235	0.955	0.833	10.807	8.748	0.924	1.437	16.316	0.444	0.355	2.636	5.266
Glyma.01G214300	329.47	315.554	90.79	196.831	160.619	111.621	111.267	114.769	59.885	183.601	202.56	140.809
Glyma.01G214600	31.831	69.935	38.482	47.553	51.683	77.703	15.763	31.521	21.167	9.598	10.331	26.796
Glyma.01G214800	59.376	52.707	25.051	40.081	20.649	71.117	24.807	27.081	51.341	38.674	17.241	60.911
Glyma.01G215100	15.014	8.439	3.934	8.013	2.662	17.079	11.576	2.681	5.985	9.486	2.585	21.786
Glyma.01G215500	67.522	101.205	445.815	144.59	471.046	73.567	265.979	246.456	11.415	37.932	86.433	77.322
Glyma.01G215600	0.845	1.782	6.195	0.801	6.404	2.199	1.776	2.788	0.779	0.552	0.741	1.424
Glyma.01G217400	27.358	22.065	3.586	30.931	33.027	2.458	28.145	21.796	3.122	34.158	14.877	1.56
Glyma.01G217700	15.827	19.245	0.655	5.392	2.689	5.502	13.96	5.295	0.256	1.071	0.757	2.342
Glyma.01G217900	7.539	8.884	4.267	5.315	10.092	7.423	7.123	9.909	3.335	4.462	3.951	3.764
Glyma.01G218000	0.984	1.099	4.003	5.509	3.856	1.235	3.465	2.651	2.724	6.042	6.208	4.054
Glyma.01G218100	1.888	1.903	7.704	8.298	7.935	1.269	11.04	11.004	13.927	11.816	10.829	5.317
Glyma.01G218600	35.65	18.243	4.966	22.363	6.508	8.7	8.495	5.826	2.767	8.175	4.49	5.845
Glyma.01G218800	2.06	1.482	3.253	5.127	4.06	1.69	4.614	3.818	3.108	5.556	2.469	2.775
Glyma.01G219001	1.751	4.205	2.908	2.514	3.446	6.455	2.055	3.838	3.167	2.205	1.522	5.791
Glyma.01G219400	6.94	89.683	13.392	3.902	9.192	19.432	1.644	3.594	5.645	0.797	3.154	20.091
Glyma.01G219502	268.624	462.084	25.804	168.329	179.872	61.92	96.92	162.892	43.737	156.381	129.259	48.019
Glyma.01G219600	2.902	4.094	13.205	6.715	6.428	9.737	9.637	9.674	12.272	9.271	12.307	12.106
Glyma.01G220600	1.678	1.154	11.652	34.598	13.156	0.584	21.052	11.501	21.137	38.369	12.446	2.234
Glyma.01G221200	2.918	6.178	3.179	2.657	4.181	18.456	4.356	3.209	3.179	2.522	1.782	13.81
Glyma.01G221400	120.53	67.957	6.63	106.37	33.483	12.865	85.149	36.865	8.989	101.891	26.374	7.602
Glyma.01G221500	46.914	48.159	54.218	25.573	26.8	121.39	12.899	23.41	75.01	23.414	20.274	93.244
Glyma.01G221900	12.502	2.449	2.449	17.526	10.686	2.443	7.856	18.088	0.818	4.301	0.865	0.927
Glyma.01G222100	70.001	195.821	315.964	129.258	164.361	125.075	110.91	93.071	62.752	111.158	428.728	310.317
Glyma.01G222200	2.375	6.324	2.045	0.301	0.151	0.472	0.039	0.102	0	0.017	0.07	0.017
Glyma.01G222700	5.734	24.416	11.192	6.244	13.838	27.07	7.603	11.547	7.385	5.754	9.494	10.685
Glyma.01G223000	1.564	2.174	6.929	1.851	2.735	2.64	7.684	11.126	1.902	1.309	1.274	1.589
Glyma.01G223800	0.981	1.406	7.047	2.761	2.541	4.802	2.371	2.636	2.359	1.937	4.336	9.181
Glyma.01G223900	1.327	1.101	2.001	3.431	2.778	0.719	2.879	2.931	3.509	3.39	2.205	1.389
Glyma.01G224100	0.136	0.32	11.504	6.083	3.128	0.485	5.775	5.964	17.654	12.489	36.01	20.676
Glyma.01G224800	2.817	2.4	0.582	0.984	0.439	8.452	1.796	0.515	0.341	0.955	0.378	2.279
Glyma.01G225000	0.468	1.775	4.956	1.987	12.603	9.841	1.018	6.921	4.986	1.431	1.741	7.542
Glyma.01G225900	24.395	19.723	10.637	27.264	14.968	10.283	25.503	14.49	11.561	27.328	19.891	13.37
Glyma.01G226000	10.275	5.438	15.619	40.249	18.132	6.144	61.863	42.264	69.222	54.109	37.107	7.364
Glyma.01G226100	0.26	0.931	6.952	5.508	3.539	1.871	7.659	6.134	16.899	7.283	3.983	3.115
Glyma.01G226200	0.463	0.06	1.083	1.705	0.531	0.218	1.795	0.757	4.596	1.672	0.432	0.28
Glyma.01G226600	1.232	2.23	4.496	3.544	4.92	8.845	5.374	5.911	6.295	5.077	4.295	3.689
Glyma.01G226900	2.893	6.723	14.962	5.438	7.705	13.782	7.063	7.562	9.546	8.546	10.483	15.376
Glyma.01G227200	1.648	3.514	9.336	6.286	7.95	7.554	11.252	11.332	11.779	10.528	12.721	8.78
Glyma.01G227400	34.806	28.757	80.458	65.826	39.329	22.105	55.779	38.913	65.697	68.563	69.394	74.17
Glyma.01G228700	10.768	9.484	2.724	17.231	17.866	74.654	11.535	27.299	2.908	3.268	8.212	34.363
Glyma.01G229066	4.254	2.241	4.591	6.352	4.18	16.974	4.772	4.931	10.161	6.002	1.486	12.156
Glyma.01G229132	3.684	2.06	3.402	4.79	3.722	13.212	3.951	4.631	8.668	5.112	1.297	9.244
Glyma.01G229200	53.728	38.21	19.83	49.787	28.887	61.534	44.833	43.307	47.754	63.146	25.081	50.265
Glyma.01G229800	512.044	572.598	113.312	294.269	279.738	98.258	245.399	218.352	71.114	267.735	286.565	107.316
Glyma.01G230600	0.525	0.833	5.455	2.441	1.278	3.61	2.653	2.105	7.125	4.883	3.442	7.945
Glyma.01G230900	19.572	20.878	11.722	8.808	11.154	6.31	6.117	6.645	2.668	6.986	31.988	18.935
Glyma.01G231300	17.713	11.726	24.901	11.603	7.967	58.481	7.685	7.13	28.911	16.729	12.75	55.752
Glyma.01G231400	19.562	17.59	42.933	18.533	13.521	80.198	13.896	10.835	34.17	21.417	38.753	89.445
Glyma.01G231600	8.87	11.973	13.499	9.178	17.695	7.448	14.421	14.086	8.93	10.148	13.807	9.913
Glyma.01G231700	18.212	15.3	5.779	13.455	8.183	7.924	10.705	8.486	6.88	18.598	11.675	12.219
Glyma.01G231900	184.633	156.331	79.039	129.298	146.652	57.368	109.603	120.342	86.207	133.286	98.099	71.435
Glyma.01G232400	37.393	29.375	34.601	33.887	61.381	11.74	66.741	70.571	31.332	26.753	36.045	11.719
Glyma.01G232500	1.371	3.483	4.744	4.456	6.025	1.644	3.4	3.701	2.437	4.145	4.26	2.245
Glyma.01G233300	19.39	66.921	59.883	14.767	47.325	67.449	13.973	32.881	30.76	11.947	43.141	72.509
Glyma.01G233600	8.747	10.841	45.811	14.385	27.822	30.846	18.191	28.494	40.704	18.288	26.656	33.332
Glyma.01G233700	9.961	12.138	9.695	8.188	7.101	26.981	5.376	6.795	9.841	6.805	5.447	15.243
Glyma.01G234000	18.915	14.729	6.17	8.187	4.384	25.483	1.507	5.445	1.604	1.198	1.131	10.937
Glyma.01G234100	5.997	5.326	3.164	4.175	2.668	7.235	2.623	2.528	2.97	3.131	2.211	6.584
Glyma.01G234500	6.297	3.804	58.132	39.66	55.917	24.323	68.878	63.744	64.088	62.223	54.402	30.493
Glyma.01G234600	55.739	36.023	6.928	48.335	26.426	14.634	40.411	28.328	15.313	55.663	25.836	22.094
Glyma.01G235600	76.302	118.98	38.602	33.46	101.421	70.521	39.112	46.632	30.021	22.705	31.656	55.333
Glyma.01G235800	0.588	1.902	9.462	1.26	1.897	4.241	1.025	1.15	1.969	1.162	6.303	10.858
Glyma.01G236300	0.698	0.406	22.496	6.582	1.625	0.576	6.666	3.133	11.019	6.699	3.331	2.357
Glyma.01G236400	3.659	2.401	3.424	5.346	9.047	1.401	10.162	10.12	5.451	5.545	4.735	1.646
Glyma.01G236600	23.809	63.303	125.454	44.34	61.517	53.659	32.165	29.961	23.325	32.626	187.752	125.69
Glyma.01G238600	0.535	1.006	3.753	4.197	3.383	2.995	3.901	3.517	5.094	4.702	5.918	5.472
Glyma.01G238800	11.933	3.94	4.012	5.879	8.658	6.083	8.62	6.22	10.582	8.96	3.511	7.531
Glyma.01G239500	4.673	6.253	3.05	5.03	4.279	9.447	3.751	5.826	1.174	0.906	1.136	4.073
Glyma.01G239600	21.114	41.076	44.728	23.291	63.641	84.978	46.904	66.048	35.08	20.394	33.273	40.995
Glyma.01G239800	2.849	2.837	1.89	2.036	3.058	0.826	2.245	2.101	0.447	3.322	4.907	1.577
Glyma.01G239900	3.72	5.598	19.11	9.197	10.819	5.9	12.464	11.77	11.82	9.89	13.82	9.792
Glyma.01G240000	13.882	50.404	156.687	34.225	41.356	43.795	23.511	19.539	20.824	25.446	161.716	153.166
Glyma.01G240100	0.539	3.047	1.264	1.072	2.148	6.133	2.164	2.774	0.943	0.478	1.257	2.148
Glyma.01G240700	1.295	2.272	7.985	2.304	2.007	8.648	3.223	1.756	4.499	2.654	9.58	11.19
Glyma.01G241000	29.07	22.278	16.893	34.326	23.064	86.666	53.98	38.945	49.375	34.552	21.118	63.667
Glyma.01G241500	2.852	4.215	4.283	6.787	3.59	12.789	3.563	3.776	6.456	4.416	4.78	8.8
Glyma.01G242000	77.06	27.905	71.734	52.994	43.609	153.372	50.825	44.393	96.238	51.701	13.251	89.763
Glyma.01G242800	36.532	66.008	111.229	33.893	93.007	48.934	71.707	87.998	35.02	17.333	31.919	33.5
Glyma.01G242902	10.145	33.217	60.375	21.516	29.504	30.247	19.434	14.25	13.354	15.787	81.492	69.698
Glyma.01G243300	45.399	47.406	75.187	68.258	38.288	24.931	47.245	30.376	39.117	66.002	89.592	71.842
Glyma.01G243400	13.166	12.37	34.864	78.571	66.076	4.612	39.977	45.796	17.166	63.518	32.225	8.002
Glyma.01G243600	3.717	6.345	15.174	6.989	10.695	14.316	11.245	11.802	18.266	10.631	12.881	15.914
Glyma.01G244132	78.421	27.121	10.522	25.548	8.37	36.553	16.954	11.792	3.498	7.488	2.774	38.462
Glyma.01G244200	52.991	19.611	7.48	18.024	5.741	18.233	11.384	7.631	2.751	5.103	1.836	24.33
Glyma.01G244600	0.45	0.257	11.705	14.397	31.335	0.336	26.889	40.359	37.4	24.78	24.797	6.538
Glyma.01G244900	222.512	203.011	103.358	125.722	121.54	98.536	106.959	102.07	95.311	112.084	134.173	144.51
Glyma.01G245500	10.779	10.839	53.038	53.564	37.227	20.656	53.984	35.746	43.5	71.374	41.371	36.761
Glyma.02G000300	24.252	6.532	9.82	19.448	2.959	27.434	11.396	5.053	23.085	23.263	6.564	24.756
Glyma.02G000400	3.388	4.696	6.532	4.908	4.49	26.875	5.828	4.456	8.713	4.908	3.976	14.877
Glyma.02G000500	5.32	1.95	6.966	29.161	18.709	2.702	17.592	20.229	3.866	15.33	8.474	1.749
Glyma.02G000600	5	16.154	35.082	12.396	16.097	19.786	10.586	12.542	12.271	8.33	49.666	38.475
Glyma.02G001000	36.281	76.743	13.272	22.224	24.876	22.157	19.603	32.928	16.109	21.274	15.375	22.415
Glyma.02G001100	59.871	135.909	50.873	100.808	166.476	187.523	166.494	78.117	48.641	39.125	18.178	99.127
Glyma.02G001300	9.547	16.098	44.048	12.966	21.801	46.604	14.242	17.03	36.035	17.543	21.099	40.075
Glyma.02G001500	12.072	16.282	42.269	100.245	167.367	15.118	162.526	111.308	86.062	143.216	71.304	33.925
Glyma.02G002000	196.873	100.692	76.666	204.099	106.042	18.053	189.782	120.896	130.195	251.624	126.425	45.017
Glyma.02G002300	27.042	83.185	115.078	59.63	72.307	51.236	50.126	41.291	25.07	44.781	200.708	128.426
Glyma.02G002500	2.643	2.875	4.656	5.499	3.772	1.674	8.033	6.921	9.536	6.22	5.9	3.257
Glyma.02G002800	44.54	97.865	155.991	62.596	70.211	75.546	47.116	37.383	31.35	49.792	237.068	182.052
Glyma.02G002900	2.717	1.632	8.128	12.581	8.1	3.286	15.876	10.942	11.157	13.712	9.377	3.846
Glyma.02G003100	1.735	5.554	6.155	2.673	4.267	7.692	2.279	2.273	2.46	1.905	12.446	12.932
Glyma.02G003700	12.786	4.294	0.013	1.41	0.278	1.781	0.293	0.569	0.032	0.333	0.021	0.65
Glyma.02G004100	15.452	50.575	118.33	33.552	46.748	39.099	24.9	22.476	14.898	24.178	172.673	120.334
Glyma.02G004200	6.34	6.323	6.287	4.285	4.128	16.224	5.23	5.058	6.828	3.305	4.127	7.795
Glyma.02G005100	11.838	2.393	1.205	9.909	2.863	2.005	3.271	4.882	1.585	3.289	1.344	2.6
Glyma.02G005200	17.084	8.026	44.572	48.444	29.854	13.693	52.209	16.366	40.12	60.907	45.577	45.164
Glyma.02G005500	140.59	183.02	160.67	206.652	155.835	74.486	182.217	145.932	69.058	175.447	251.715	121.96
Glyma.02G005600	0.837	0.407	2.189	0.697	0.25	6.963	2.354	0.892	2.022	0.566	0.667	6.983
Glyma.02G005700	6.848	8.876	6.822	8.063	5.206	14.691	7.433	5.713	7.545	8.471	4.309	15.515
Glyma.02G006600	1.195	0.753	8.869	8.772	4.293	1.384	10.835	6.134	6.861	9.462	10.138	3.546
Glyma.02G008200	79.161	2.116	0.736	5.193	0.195	10.309	0.051	0.046	0.034	0.143	0.137	6.809
Glyma.02G009500	3.081	1.378	3.887	5.937	16.853	2.981	10.662	7.316	3.511	4.957	5.047	1.997
Glyma.02G010300	15.814	2.765	30.17	16.533	9.013	6.849	42.276	25.911	84.177	39.082	28.118	15.082
Glyma.02G010600	0.046	0.087	2.548	6.744	3.937	0	11.456	6.06	2.707	13.608	3.145	0.662
Glyma.02G010900	2.629	4.871	5.19	2.873	5.655	14.723	4.372	4.394	2.493	1.151	1.899	21.054
Glyma.02G011200	0.436	2.009	5.721	1.202	1.653	2.749	0.901	0.786	0.778	0.779	7.607	7.01
Glyma.02G011300	1.648	3.302	7.654	2.992	3.316	4.968	2.247	2.02	2.062	2.093	9.951	9.788
Glyma.02G011500	5.733	1.938	0	0.126	0	0.726	0.212	0	0	0.059	0	0
Glyma.02G011600	2.014	7.418	10.601	5.384	13.245	18.714	8.724	10.776	15.663	9.307	8.228	7.646
Glyma.02G011800	36.663	80.54	96.856	47.104	46.399	99.103	33.649	31.055	37.351	36.589	62.384	110.538
Glyma.02G012500	171.407	388.826	217.078	92.14	173.818	541.117	89.764	243.413	415.268	130.447	198.699	337.907
Glyma.02G013300	0.458	0.09	2.687	4.082	2.792	0.109	4.507	3.343	3.188	3.116	1.957	0.883
Glyma.02G013402	0.444	1.007	2.386	5.277	1.892	1.268	3.877	2.44	4.472	8.654	1.865	1.109
Glyma.02G013500	0.221	0.326	3.523	0.62	0.401	0.427	0.584	0.374	0.344	0.437	0.603	0.409
Glyma.02G013700	2.794	2.781	16.025	4.27	8.417	7.218	7.864	8.218	8.057	4.983	4.173	5.9
Glyma.02G013900	0.247	0.875	12.371	2.26	17.868	2.206	11.865	24.31	27.337	3.937	23.435	10.896
Glyma.02G014000	25.368	65.776	72.799	33.525	56.93	50.663	48.077	50.724	19.784	35.252	56.473	48.998
Glyma.02G014200	5.489	12.602	18.141	5.563	11.282	27.918	5.015	9.882	18.821	5.035	9.466	20.06
Glyma.02G014800	9.336	14.697	42.892	24.185	25.041	70.151	19.546	21.223	49.516	21.408	20.822	52.961
Glyma.02G015100	12.874	5.182	19.822	22.799	14.681	24.017	30.351	20.21	22.584	23.153	15.881	21.84
Glyma.02G015300	125.833	131.223	151.47	120.247	264.325	59.546	169.078	275.135	134.027	135.64	112.836	60.598
Glyma.02G015500	0.754	0.098	4.398	8.081	2.115	0.082	12.603	5.927	11.414	8.636	4.398	1.345
Glyma.02G015600	7.977	4.646	7.366	10.582	6.891	11.766	9.108	8.986	8.239	11.948	4.801	3.52
Glyma.02G015800	2.64	0.436	2.274	50.622	21.13	1.879	14.668	25.621	4.914	12.81	3.545	0.328
Glyma.02G015900	9.807	16.999	52.466	16.745	20.655	15.445	17.063	13.526	15.05	16.734	63.723	45.529
Glyma.02G016000	16.405	44.315	116.488	31.594	49.353	50.393	28.394	27.368	25.814	29.861	152.578	127.393
Glyma.02G016100	12.22	1.789	4.391	4.913	2.682	1.646	2.939	3.412	1.883	3.56	3.767	4.13
Glyma.02G016400	0.031	0.013	2.525	8.666	1.705	0	5.25	1.432	2.94	6.372	0.744	0.157
Glyma.02G016500	0.039	0.051	12.492	10.303	2.251	0	14.532	4.213	11.636	7.097	3.317	0.653
Glyma.02G017100	71.493	57.769	4.432	19.87	10.397	4.905	8.47	10.635	0.754	11.127	12.388	6.32
Glyma.02G017200	2.943	3.552	14.779	3.107	2.905	27.75	2.276	3.224	16.442	4.035	5.769	25.417
Glyma.02G017800	20.067	50.147	168.905	39.238	56.186	65.059	34.647	36.023	36.965	36.081	130.131	148.067
Glyma.02G018000	29.896	45.596	97.328	47.992	129.804	55.964	111.967	117.084	91.433	37.231	66.609	47.747
Glyma.02G018700	0.485	7.125	2.581	1.309	1.067	16.329	0.032	0.075	0.102	0.017	0.016	9.968
Glyma.02G019100	5.221	4.824	16.24	32.025	23.334	19.945	23.037	31.985	24.612	22.715	13.107	11.403
Glyma.02G019200	290.995	228.543	52.284	161.145	123.361	73.198	121.044	126.827	57.551	184.902	127.339	69.695
Glyma.02G019300	2.256	0.838	6.047	3.146	1.914	2.687	3.682	2.896	3.243	3.554	2.19	2.26
Glyma.02G019400	6.946	19.618	14.408	6.634	12.515	11.641	8.369	14.512	4.332	9.163	14.076	11.513
Glyma.02G019600	423.664	349.897	144.774	355.389	243.997	95.236	380.785	274.577	77.313	326.368	289.973	105.275
Glyma.02G019700	3.389	3.681	7.517	7.171	8.829	8.226	7.586	12.288	7.99	6.314	10.671	8.377
Glyma.02G020000	14.752	11.346	4.935	10.004	9.386	13.894	6.145	8.504	5.921	6.266	4.99	20.975
Glyma.02G020100	0.468	0.504	2.147	0.544	0.516	1.587	0.626	0.349	0.855	0.493	1.536	3.324
Glyma.02G021500	0.416	1.035	0.696	0.692	1.796	1.267	0.86	2.578	3.301	0.967	0.607	0.389
Glyma.02G022000	74.032	67.227	56.611	62.697	52.669	119.68	35.493	40.094	59.912	58.181	30.423	117.815
Glyma.02G022200	18.541	41.121	8.233	4.475	7.959	38.152	1.623	3.217	4.77	1.659	1.229	6.441
Glyma.02G022300	5.527	21.033	6.236	31.499	11.624	18.024	7.055	18.064	3.008	6.429	8.318	16.921
Glyma.02G022400	4.392	8.981	4.682	2.873	2.636	8.474	1.459	1.991	3.598	2.253	2.737	9.457
Glyma.02G022500	0.828	1.282	6.513	2.652	2.35	4.098	3.877	3.043	3.913	3.354	4.164	8.575
Glyma.02G022700	0.294	0.471	7.1	5.112	12.258	0.22	11.81	21.549	2.269	2.231	3.717	1.351
Glyma.02G023400	43.615	59.524	17.162	40.174	15.662	30.892	21.227	13.351	8.784	29.462	16.794	29.232
Glyma.02G023500	3.182	2.044	3.148	6.067	3.386	10.698	6.435	6.244	8.519	6.034	3.523	10.303
Glyma.02G023800	3.154	4.928	13.876	10.688	10.922	11.261	20.752	18.519	12.148	18.699	22.599	8.595
Glyma.02G024200	4.118	2.538	1.888	3.098	1.378	11.853	2.58	1.114	1.466	2.088	1.112	13.566
Glyma.02G024900	0.798	0.218	3.544	3.907	3.389	0.021	5.95	4.36	8.563	4.13	1.79	1.13
Glyma.02G025400	0.17	0.508	1.494	6.518	3.49	0.39	7.885	5.525	2.731	9.479	3.437	0.841
Glyma.02G025500	0.368	0.533	3.98	5.706	3.817	1.804	5.637	5.627	3.756	5.709	3.672	2.289
Glyma.02G026300	230.776	111.673	4.925	181.551	93.356	31.795	202.751	157.492	30.23	229.534	91.071	46.91
Glyma.02G026400	44.593	20.66	13.42	34.325	20.924	10.146	31.692	28.812	17.761	48.481	37.17	17.438
Glyma.02G026600	1.893	1.518	4.018	6.583	5.235	3.326	5.183	7.037	9.857	3.774	4.427	3.725
Glyma.02G027000	2.906	0.841	2.645	8.767	11.594	0.288	8.243	13.511	6.737	6.694	11.076	1.455
Glyma.02G028000	0.062	0.018	27.762	22.456	3.228	0.041	141.794	2.498	5.729	21.184	29.499	2.448
Glyma.02G028600	1.353	0.291	0.389	1.679	3.367	0.706	3.645	1.319	0.162	5.117	1.378	1.625
Glyma.02G028700	15.001	5.004	7.12	24.634	13.525	59.619	28.486	10.443	5.38	41.705	19.478	24.973
Glyma.02G029800	4.874	10.763	14.179	9.117	6.306	7.322	5.828	4.314	5.639	7.057	16.529	17.943
Glyma.02G029900	0.18	1.1	4.927	0.345	6.146	0.357	2.833	1.058	0.783	0.676	0.468	1.577
Glyma.02G030200	6.012	5.569	26.839	23.696	30.315	6.749	28.174	28.859	36.296	31.616	26.392	20.033
Glyma.02G030500	0.41	0.111	1.387	1.962	2.264	0.241	3.692	3.602	3.853	4.219	3.84	1.278
Glyma.02G031100	1.939	1.319	4.169	2.659	13.24	0.858	5.546	9.77	9.205	2.7	7.522	1.986
Glyma.02G031200	11.332	9.289	23.378	28.487	26.815	11.633	34.695	30.66	34.922	41.832	33.54	18.912
Glyma.02G031300	5.114	4.384	29.679	15.65	29.842	8.453	30.386	33.665	34.882	17.721	21.327	12.078
Glyma.02G031400	0	0.119	0.018	3.906	1.913	0.589	0.094	5.312	0.171	0.195	1.064	0.148
Glyma.02G031800	11.632	8.663	5.946	4.782	5.3	18.957	4.095	5.59	4.56	3.37	2.314	6.13
Glyma.02G032100	47.736	51.857	29.935	26.323	26.788	33.302	18.012	27.168	32.617	27.137	30.023	42.881
Glyma.02G032300	3.388	1.275	13.677	34.112	20.636	1.733	64.828	54.342	67.918	37.559	64.263	23.893
Glyma.02G033400	0.396	0.589	10.039	4.269	2.726	0.59	9.794	8.184	16.082	6.911	7.905	7.117
Glyma.02G033500	15.09	5.063	11.425	11.208	5.262	7.622	7.399	6.606	8.912	7.447	3.772	11.512
Glyma.02G033600	7.871	8.041	2.894	6.28	4.362	9.467	5.944	4.371	5.74	7.201	2.337	5.875
Glyma.02G033700	1.627	1.879	3.946	1.02	2.246	5.617	0.827	0.919	1.533	1.009	1.747	5.254
Glyma.02G033900	10.962	26.689	50.666	20.622	27.102	27.852	20.355	18.829	17.566	17.791	71.587	57.204
Glyma.02G034000	3.789	2.628	3.061	3.981	7.754	14.796	4.156	6.649	5.421	3.725	2.654	7.748
Glyma.02G034051	2.186	3.117	4.822	2.825	2.698	12.881	3.156	2.781	7.773	3	2.937	12.161
Glyma.02G034100	1.351	1.66	2.72	1.708	1.185	6.548	1.675	1.16	4.218	1.654	1.759	5.756
Glyma.02G034400	2.124	0.752	0.558	1.418	0.646	4.744	0.414	0.414	0.854	1.016	0.316	1.385
Glyma.02G034700	10.505	9.211	22.841	88.198	33.027	0.906	75.857	37.538	22.477	96.597	74.378	14.642
Glyma.02G034800	8.253	9.961	25.187	11.374	11.911	9.066	11.146	8.96	9.693	10.034	16.171	17.817
Glyma.02G035000	162.53	85.507	13.922	66.697	22.082	14.82	17.512	18.897	16.177	40.558	34.638	14.904
Glyma.02G035800	17.846	11.16	8.135	13.262	7.726	21.985	11.792	8.095	9.524	9.989	3.621	10.836
Glyma.02G036000	87.768	254.073	415.158	182.315	234.22	196.983	143.69	141.875	93.356	145.552	528.065	487.456
Glyma.02G036300	40.785	42.791	74.633	93.763	88.832	41.329	104.31	79.433	59.824	80.597	73.837	44.384
Glyma.02G036700	2.562	1.844	5.082	6.494	3.796	3.157	5.207	6.357	10.151	7.085	4.449	3.923
Glyma.02G037000	4.331	2.209	17.39	7.556	10.218	4.81	7.662	7.718	13.146	8.802	12.635	9.494
Glyma.02G037100	3.487	3.129	1.64	5.084	3.191	11.627	4.952	3.481	2.331	4.701	2.768	5.706
Glyma.02G038000	4.859	7.058	17.8	11.82	11.734	5.256	12.34	9.421	7.233	15.987	19.734	10.27
Glyma.02G038100	980.693	705.585	176.663	571.555	350.421	282.825	499.329	399.092	304.519	560.471	332.284	234.22
Glyma.02G038500	1.847	1.729	1.924	2.257	4.922	4.093	2.764	8.676	5.172	1.804	1.946	2.025
Glyma.02G038601	8.143	5.984	1.1	2.48	2.117	8.986	10.339	7.569	3.03	1.035	0.443	1.422
Glyma.02G038700	28.585	80.067	97.792	45.625	68.841	50.432	33.768	30.722	20.15	38.194	177.19	129.153
Glyma.02G038800	65.368	36.224	15.105	37.603	15.437	9.817	28.863	17.428	14.997	44.604	23.375	17.844
Glyma.02G039000	31.53	8.191	3.817	5.058	2.649	12.153	0.543	2.137	6.225	1.654	1.038	13.503
Glyma.02G039400	11.947	7.413	8.099	19.122	5.418	11.376	19.313	11.421	18.869	23.257	9.135	11.113
Glyma.02G040100	0.69	0.244	2.532	4.447	2.602	0.707	5.088	4.813	3.154	3.569	5.199	1.536
Glyma.02G040700	1.219	2.773	7.006	4.59	3.881	6.739	3.744	2.749	3.903	4.945	3.429	3.746
Glyma.02G041500	7.243	9.049	2.326	6.228	2.232	21.386	1.917	5.96	2.463	0.229	0.79	9.447
Glyma.02G041900	2.031	5.276	4.038	3.664	8.971	3.192	3.449	5.288	1.917	2.999	7.27	2.014
Glyma.02G042200	2.478	3.703	8.534	2.774	3.74	11.425	1.245	2.148	6.771	1.735	1.311	12.836
Glyma.02G042500	2.147	5.867	1.221	4.383	1.654	6.874	0.277	0.128	0.051	0.077	0.018	1.698
Glyma.02G043500	2.744	2.632	3.123	3.735	2.468	25.693	4.93	3.911	7.853	3.232	3.022	13.113
Glyma.02G043900	0.268	0.739	3.915	0.646	0.497	2.88	0.457	0.567	1.238	0.46	2.079	7.274
Glyma.02G044300	0.235	0.692	7.562	11.495	3.983	0.608	8.548	7.182	29.379	8.325	7.127	2.912
Glyma.02G045100	33.948	30.673	1.013	12.88	4.049	3.304	5.325	6.311	4.637	8.531	2.17	2.712
Glyma.02G045200	8.938	24.642	22.481	10.223	16.767	23.904	9.469	10.282	11.971	9.94	34.787	31.31
Glyma.02G046200	0.494	0.114	6.8	3.453	0.869	0.247	3.43	0.81	0.92	1.898	0.266	0.267
Glyma.02G046600	32.883	11.362	3.267	23.97	4.241	9.649	13.291	6.487	3.976	20.555	4.14	8.328
Glyma.02G046800	7.027	2.116	15.247	42.297	14.866	1.026	37.467	11.414	13.317	39.764	15.343	3.219
Glyma.02G047000	64.104	24.053	10.738	55.701	10.872	14.358	33.534	14.152	17.323	42.252	9.045	12.743
Glyma.02G047600	1842.983	1335.623	532.672	1029.145	862.007	596.243	828.749	734.74	780.351	987.308	751.856	490.557
Glyma.02G047800	22.643	65.85	176.214	54.796	60.143	51.713	43.816	33.281	35.956	44.869	224.957	184.164
Glyma.02G048300	2.913	4.002	8.649	7.586	10.734	7.043	12.132	12.18	11.49	8.363	12.45	7.269
Glyma.02G048400	27.966	12.435	79.77	257.918	180.771	35.783	525.635	413.434	374.877	357.297	367.674	94.467
Glyma.02G048600	0.658	0.173	4.05	10.07	7.785	0.448	30.619	27.165	20.858	20.692	19.11	3.268
Glyma.02G048700	2.813	0.271	20.409	8.931	2.601	0.97	11.105	2.029	3.368	8.164	1.093	0.924
Glyma.02G049300	74.198	158.532	348.859	148.604	149.67	125.489	128.743	103.381	85.231	128.426	372.269	338.265
Glyma.02G051500	6.214	12.177	16.918	22.164	22.848	14.182	51.471	31.093	28.343	41.285	32.21	17.777
Glyma.02G051700	2.881	1.902	24.96	14.088	76.438	5.054	32.117	65.336	34.527	21.741	35.92	13.292
Glyma.02G052700	0.466	0.64	2.16	1.58	1.79	0.973	3.517	3.229	3.232	0.463	2.054	0.772
Glyma.02G053600	2.157	1.494	1.06	2.055	1.767	8.013	1.804	2.084	0.651	3.858	4.204	4.666
Glyma.02G053900	7.551	3.492	0.076	2.612	12.667	0.153	2.73	3.698	0.521	0.173	0.489	0.045
Glyma.02G054200	5.851	0.751	3.28	18.578	94.33	2.485	178.138	25.475	1.135	3.012	5.827	9.034
Glyma.02G055200	3.775	2.749	5.26	3.169	2.574	5.02	3.308	2.452	9.126	3.431	2.503	4.696
Glyma.02G055400	6.283	7.142	15.232	6.464	9.982	22.599	8.085	9.558	13.009	7.054	6.618	14.254
Glyma.02G055500	5.814	4.981	2.189	4.303	2.221	15.408	5.357	3.156	3.67	4.011	1.891	12.656
Glyma.02G056200	5.646	21.942	72.429	12.323	66.97	38.686	21.262	38.616	16.775	11.444	28.48	49.521
Glyma.02G057000	8.159	12.872	16.823	7.461	10.341	15.782	7.325	7.338	9.654	10.484	21.743	22.663
Glyma.02G057200	6.82	19.578	31.389	11.688	29.282	23.886	19.265	31.679	23.888	7.844	19.398	17.685
Glyma.02G057400	9.526	29.49	11.337	9.192	20.277	22.634	4.268	15.706	7.103	3.896	21.614	27.3
Glyma.02G058000	0.785	2.509	2.243	1.534	4.801	2.148	1.62	5.753	1.894	1.371	1.749	1.821
Glyma.02G058700	17.832	6.075	4.004	9.348	8.021	3.36	8.597	9.247	6.876	8.491	6.014	6.15
Glyma.02G059200	1.042	0.553	0.378	8.892	5.569	0.641	3.951	8.434	0.946	2.403	2.214	0.521
Glyma.02G059300	18.728	17.702	16.794	37.285	41.872	25.713	54.445	62.654	49.329	41.671	33.303	23.264
Glyma.02G059500	26.029	11.795	3.197	41.433	33.588	0.247	40.428	42.556	9.652	54.612	50.364	6.871
Glyma.02G059600	5.751	1.827	6.327	20.605	10.551	9.658	14.597	20.299	13.763	13.291	5.011	5.064
Glyma.02G059900	12.929	10.993	5.657	10.024	7.119	16.128	9.096	7.524	5.868	9.219	7.803	10.764
Glyma.02G060002	42.381	27.335	19.605	39.124	19.736	13.877	46.976	24.017	48.043	50.371	17.468	21.701
Glyma.02G061100	461.206	438.733	476.809	385.45	435.55	175.756	307.868	438.807	536.783	449.878	548.284	370.276
Glyma.02G061700	2.956	3.169	3.806	4.599	5.399	8.842	6.53	6.946	13.783	6.018	4.843	8.055
Glyma.02G062400	0.131	0.916	2.621	0.217	0.823	2.11	0.232	0.49	0.398	0.261	4.386	5.692
Glyma.02G063000	15.175	16.186	16.951	6.391	3.89	60.484	5.769	8.077	22.604	7.655	3.026	27.623
Glyma.02G063300	10.235	5.015	10.691	4.439	6.666	17.893	6.353	6.914	12.815	5.537	4.731	7.028
Glyma.02G063400	1.038	0.418	1.911	3.355	5.002	1.256	5.752	4.312	0.468	5.028	4.797	1.253
Glyma.02G064800	82.57	164.924	195.446	107.143	245.521	95.716	109.983	269.819	274.094	124.373	278.202	127.462
Glyma.02G064700	390.283	784.308	914.782	493.274	1157.963	445.961	504.376	1269.672	1287.872	573.454	1312.562	593.764
Glyma.02G065600	1.543	2.399	4.042	1.997	2.595	6.933	2.963	2.598	3.403	2.735	3.111	6.854
Glyma.02G066100	15.552	24.51	20.963	10.021	14.73	3.986	8.356	8.945	2.116	9.114	34.902	14.835
Glyma.02G066200	5.95	7.26	4.227	3.135	0.575	15.238	0.574	1.454	1.218	0.407	0.697	8.199
Glyma.02G067300	1.989	8.881	19.824	4.828	7.967	7.196	5.275	4.881	3.376	3.054	18.348	18.514
Glyma.02G067400	46.001	84.686	143.819	86.924	77.631	84.031	79.002	55.268	35.437	70.716	217.638	168.797
Glyma.02G068800	1.851	0.353	0.724	6.912	2.747	0.139	8.236	8.562	1.569	11.334	5.993	1.081
Glyma.02G068900	1.158	0.151	10.488	90.808	31.251	0.054	44.939	39.408	6.89	17.094	6.36	5.407
Glyma.02G069400	2.472	4.072	1.541	1.526	1.233	16.659	0.406	0.863	1.352	0.901	1.377	7.868
Glyma.02G069500	42.686	55.382	17.593	25.283	13.614	215.57	2.332	8.98	15.273	8.886	13.742	76.13
Glyma.02G069700	1.031	0.086	4.361	5.385	1.585	0.305	4.988	1.57	1.431	3.651	0.907	0.338
Glyma.02G069900	6.964	6.498	24.715	17.538	28.513	10.832	28.426	32.984	27.252	22.547	20.848	13.614
Glyma.02G070000	0.251	0.782	0.274	2.646	1.274	5.043	0.032	0.183	0.038	0.096	0.09	7.635
Glyma.02G070500	3.671	3.239	1.603	1.153	2.029	1.636	1.673	2.302	1.469	1.822	3.093	2.826
Glyma.02G071400	0.115	0.152	0.535	3.535	0.411	0.452	0.326	1.445	0.466	0.401	0.294	0.561
Glyma.02G071800	6.132	3.286	28.626	10.511	7.159	23.356	10.199	8.238	44.533	23.316	12.542	32.874
Glyma.02G071900	14.617	28.851	56.133	27.973	29.762	27.497	25.44	23.331	24.759	26.077	63.452	53.574
Glyma.02G072000	1.331	6.514	3.651	2.011	4.395	8.399	1.738	2.941	1.88	1.572	9.718	9.939
Glyma.02G072200	42.024	43.506	14.264	21.355	0.983	32.479	0.487	0.063	0.036	0.087	0.083	6.911
Glyma.02G072400	4.343	3.058	19.356	27.304	20.38	2.338	27.505	20.583	13.369	32.473	26.21	5.646
Glyma.02G073600	14.042	37.617	11.456	28.06	53.617	3.815	26.906	58.552	8.768	11.19	24.511	7.551
Glyma.02G073900	1.815	1.915	5.13	5.132	6.579	0.985	8.495	8.601	5.914	7.493	8.908	3.17
Glyma.02G074000	7.424	42.278	36.772	8.054	49.326	43.98	8.435	48.12	58.08	9.658	36.069	32.728
Glyma.02G074200	11.661	12.241	15.527	13.909	35.549	14.26	17.004	24.884	13.336	11.357	20.256	13.839
Glyma.02G075000	2.089	2.109	1.825	2.673	3.315	0.341	2.982	4.068	6.848	8.318	3.573	2.367
Glyma.02G075100	199.369	87.834	50.233	127.624	107.789	131.476	101.538	131.281	71.964	96.145	83.667	136.849
Glyma.02G075200	1.078	1.532	4.727	1.233	1.599	6.16	0.735	1.507	1.071	0.535	6.265	10.898
Glyma.02G075600	8.514	6.809	3.899	6.548	4.824	8.482	7.215	6.708	6.127	6.329	4.434	8.348
Glyma.02G077200	4.259	1.098	0.149	2.558	1.381	0.4	1.432	1.337	0.389	1.724	0.605	0.29
Glyma.02G077700	0.375	2.73	3.615	1.346	1.84	5.439	1.249	2.047	2.737	1.32	5.158	7.758
Glyma.02G078100	25.874	37.99	35.426	27.815	22.542	24.736	26.313	16.842	21.085	26.775	44.994	56.568
Glyma.02G078200	1.014	0.806	2.056	1.734	1.545	3.081	5.669	1.479	1.111	2.438	1.547	2.008
Glyma.02G078300	2.141	1.991	4.024	4.191	4.577	5.02	15.888	4.029	2.809	5.656	3.692	3.927
Glyma.02G078500	64.369	203.548	62.298	64.872	198.688	301.099	63	124.759	85.062	42.671	55.896	100.906
Glyma.02G078600	50.917	33.779	11.97	58.131	47.074	16.609	65.044	49.463	16.076	54.925	29.211	15.27
Glyma.02G079000	4.544	11.505	24.927	7.203	11.623	11.613	7.949	6.428	6.678	8.177	30.322	26.245
Glyma.02G079400	61.13	47.064	22.726	46.648	26.845	30.898	28.291	30.052	39.213	51.122	28.092	31.88
Glyma.02G080000	0.306	0.053	2.606	3.128	3.696	0.037	4.598	4.996	4.644	3.713	8.787	1.026
Glyma.02G080200	0.283	1.227	4.467	0.227	5.467	2.435	0.298	2.394	0.604	0.059	0.447	5.551
Glyma.02G080900	24.023	23.878	52.097	60.579	149.663	41.386	111.945	151.168	98.111	74.009	66.112	26.743
Glyma.02G081000	1.352	9.824	23.081	7.878	14.307	41.322	10.597	16.444	33.715	12.029	17.552	27.872
Glyma.02G082100	1.008	1.093	15.839	9.446	5.093	5.939	7.028	6.979	22.729	17.778	9.907	15.964
Glyma.02G082300	14.151	26.81	80.752	21.506	35.694	64.585	23.211	33.209	51.953	20.255	46.33	68.211
Glyma.02G082500	1.97	8.45	0.912	0.664	1.715	0.774	0.264	0.566	4.444	0.506	0.404	0.087
Glyma.02G082800	84.323	37.73	6.678	42.283	24.223	21.336	29.817	32.506	14.011	35.888	12.054	15.845
Glyma.02G084300	31.061	44.844	28.752	39.453	29.589	16.015	23.839	14.583	8.978	41.109	65.441	34.377
Glyma.02G085300	54.334	142.839	268.83	116.498	137.851	106.253	103.239	88.781	55.631	95.265	346.668	249.514
Glyma.02G085900	0.925	2.707	6.611	3.274	4.803	7.083	4.923	7.055	14.832	4.89	5.833	7.641
Glyma.02G086000	32.34	60.536	22.054	24.914	43.236	32.5	27.56	38.103	21.324	22.105	30.088	23.606
Glyma.02G086100	3.418	0.652	1.618	6.525	3.242	9.455	10.715	5.681	7.486	12.1	5.511	4.335
Glyma.02G086200	14.291	4.822	8.223	20.937	6.649	19.467	22.23	9.04	41.736	23.026	3.2	19.323
Glyma.02G086600	3.26	2.065	18.623	15.687	17.246	5.244	32.468	25.412	28.011	25.167	14.77	8.667
Glyma.02G087400	104.383	39.239	7.822	51.086	23.461	12.849	48.981	23.804	8.437	59.506	18.645	14.137
Glyma.02G087700	13.676	12.993	27.934	11.584	6.658	14.434	8.812	6.306	10.626	10.592	19.041	31.464
Glyma.02G087800	271.827	176.375	144.144	201.535	129.665	61.283	149.36	132.656	182.364	204.099	147.189	110.999
Glyma.02G088200	70.377	50.026	32.595	37.945	37.19	53.575	32.89	37.95	51.342	40.794	24.639	45.221
Glyma.02G088600	8.012	10.241	5.928	6.079	9.937	3.79	4.143	11.561	7.867	4.709	9.884	3.196
Glyma.02G088900	453.925	490.272	215.005	846.413	611.866	353.244	1194.186	927.733	150.947	634.398	556.644	147.298
Glyma.02G089100	14.651	26.701	8.683	14.94	19.866	13.836	15.288	22.091	12.827	17.908	24.011	13.536
Glyma.02G090800	52.19	79.038	50.021	35.305	84.793	72.029	34.288	75.042	34.976	29.078	97.962	66.675
Glyma.02G091900	70.324	70.507	179.824	130.466	138.837	64.614	158.386	115.043	160.307	148.268	128.044	93.226
Glyma.02G092700	4.69	1.891	8.743	11.196	4.847	3.628	17.68	9.208	18.995	14.679	7.607	6.366
Glyma.02G093200	7.87	66.994	18.609	12.529	50.676	6.962	11.586	18.747	2.421	8.696	75.911	6.272
Glyma.02G094000	5.443	2.886	4.017	7.592	1.957	9.652	6.12	2.007	4.617	7.708	3.256	6.25
Glyma.02G094500	1.914	4.124	1.002	2.036	0.472	7.111	2.242	1.041	0.582	0.691	0.98	3.256
Glyma.02G095000	8.571	29.968	73.923	21.748	26.567	28.811	16.014	14.296	13.104	16.476	122.388	78.904
Glyma.02G095400	120.12	53.386	49.552	87.085	50.877	91.049	69.923	68.849	71.92	65.049	27.796	51.959
Glyma.02G095500	12.224	15.895	4.111	7.445	2.865	5.605	2.014	2.969	0.816	1.075	1.247	6.21
Glyma.02G095900	1.061	1.824	2.222	1.276	1.772	6.713	1.052	1.337	2.179	1.218	1.541	4.806
Glyma.02G096000	2.575	6.607	16.959	5.738	6.732	13.715	4.68	5.952	6.577	4.571	14.631	19.878
Glyma.02G096800	48.834	18.36	19.7	12.395	12.515	13.057	10.721	11.857	9.237	11.145	21.448	21.79
Glyma.02G097200	2.203	6.149	14.15	5.468	7.736	16.319	6.186	9.74	15.463	5.908	8.049	16.572
Glyma.02G097300	17.757	32.957	39.738	28.396	32.337	27.727	25.782	20.499	15.166	28.875	73.455	43.216
Glyma.02G097400	0.897	1.005	25.596	25.377	12.739	5.745	30.272	21.92	59.429	31.38	20.274	13.988
Glyma.02G097700	4.194	5.966	5.619	12.558	12.714	12.006	8.749	20.723	5.953	4.78	4.567	5.497
Glyma.02G098000	4.889	3.248	16.893	13.281	9.306	6.732	12.655	11.041	21.138	13.52	10.575	9.718
Glyma.02G098700	47.671	48.673	18.267	34.853	41.554	32.357	33.751	36.4	17.561	30.922	27.979	24.185
Glyma.02G099200	4.035	5.239	2.485	1.398	2.245	4.609	1.66	1.657	1.075	0.806	1.05	2.517
Glyma.02G099500	93.321	18.984	10.757	36.044	10.211	79.232	40.213	20.227	28.635	36.937	6.642	106.7
Glyma.02G099900	5.125	4.073	29.704	23.725	23.166	19.895	29.922	25.828	41.806	43.017	18.724	22.84
Glyma.02G100000	162.553	66.289	15.328	95.556	41.015	38.424	69.766	46.698	30.605	90.375	29.006	37.381
Glyma.02G100300	2.29	1.601	2.61	3.518	1.541	13.366	2.09	1.426	1.723	1.524	0.98	6.889
Glyma.02G100400	0.805	1.047	2.052	1.658	1.12	10.864	1.643	1.461	3.523	1.302	0.699	8.367
Glyma.02G100800	0.134	0.233	2.06	4.043	1.219	0.274	2.547	1.914	1.075	7.34	2.153	0.749
Glyma.02G100850	0.134	0.233	2.06	4.043	1.219	0.274	2.547	1.914	1.075	7.34	2.153	0.749
Glyma.02G101100	279.283	114.761	38.227	187.654	61.863	96.086	138.918	90.428	92.993	226.559	61.173	82.274
Glyma.02G101300	2.085	1.723	5.244	3.318	5.637	3.826	4.917	9.614	7.766	4.179	7.631	3.536
Glyma.02G102400	10.709	15.836	39.083	13.609	47.7	21.056	34.328	41.009	24.513	15.514	15.714	20.119
Glyma.02G102600	11.667	6.611	11.237	16.657	17.54	1.613	19.908	21.668	11.173	22.816	18.103	7.068
Glyma.02G102900	26.718	7.257	8.223	23.596	3.015	21.592	11.362	7.901	19.129	17.549	3.216	16.194
Glyma.02G103500	125.864	171.045	63.697	70.406	78.062	125.719	87.866	90.037	37.44	44.749	39.759	35.898
Glyma.02G103600	89.34	165.371	252.865	134.824	166.579	120.345	137.236	106.171	70.53	123.836	375.011	280.609
Glyma.02G103700	3.094	3.079	11.336	14.661	15.647	9.985	24.149	23.925	26.531	22.883	14.591	8.303
Glyma.02G104200	10.743	21.314	17.314	14.341	43.919	20.143	13.666	25.889	10.631	9.396	9.792	13.637
Glyma.02G104300	10.433	22.268	19.192	10.274	14.663	48.037	8.284	9.208	12.454	3.845	7.838	69.131
Glyma.02G104500	12.343	20.104	6.334	8.481	2.804	35.183	1.586	2.146	1.085	0.626	1.029	24.109
Glyma.02G104600	51.389	109.624	152.815	91.139	111.586	122.2	83.699	82.638	6.328	13.877	53.05	26.658
Glyma.02G104900	19.492	86.761	26.159	22.574	75.777	83.496	26.7	85.343	45.788	21.202	103.189	59.452
Glyma.02G105000	0.041	0.017	0.179	3.863	4.361	0.151	0.51	6.671	0.106	0.153	1.201	0.913
Glyma.02G105400	0.722	3.259	24.082	7.988	42.746	1.06	13.919	38.01	28.692	13.953	45.992	17.197
Glyma.02G105900	4.66	6.672	6.03	10.335	12.312	5.48	13.94	12.992	7.508	11.837	7.728	8.938
Glyma.02G106000	1.137	2.542	3.469	2.153	2.117	6.829	2.463	2.328	3.961	1.903	1.776	8.126
Glyma.02G106100	1.702	2.66	4.048	3.016	6.482	4.904	7.504	5.071	2.357	2.577	2.741	3.296
Glyma.02G106300	0.279	0.109	8.106	7.351	3.357	0.102	10.819	4.176	5.755	12.166	4.512	2.261
Glyma.02G106600	0.48	0.457	9.044	1.128	0.595	0.398	0.761	0.451	0.4	0.608	1.203	1.087
Glyma.02G106800	4.872	1.932	7.984	9.431	4.671	0.639	8.357	7.054	8.415	11.227	3.824	3.477
Glyma.02G107100	29.628	124.86	180.262	70.405	98.698	62.885	43.99	46.525	21.419	50.768	360.892	210.304
Glyma.02G108200	1.834	2.381	6.62	2.764	2.354	5.517	2.554	1.551	1.509	2.182	5.099	11.835
Glyma.02G108300	3.88	22.711	16.834	5.571	28.532	29.858	4.275	19.404	24.28	4.545	17.867	18.706
Glyma.02G108500	3.217	2.572	7.629	7.908	9.744	7.563	10.647	11.28	11.251	9.061	8.4	7.375
Glyma.02G108600	27.135	9.726	1.386	27.124	7.936	2.331	26.262	11.337	3.939	29.765	6.399	1.994
Glyma.02G108900	1.344	6.912	13.263	3.063	7.124	8.851	3.416	5.028	5.975	4.165	15.345	18.503
Glyma.02G109100	4.794	7.444	84.787	87.329	51.525	5.5	56.998	100.933	57.082	86.258	304.211	170.217
Glyma.02G109800	18.743	8.156	3.222	9.592	0.706	36.448	0.905	0.265	1.724	0.943	0.403	19.967
Glyma.02G111500	4.463	10.018	6.235	8.048	13.014	11.258	7.422	8.805	2.815	4.446	4.613	5.021
Glyma.02G111700	2.931	6.803	5.263	3.119	2.949	11.728	1.761	3.45	6.638	2.875	7.559	13.671
Glyma.02G111800	8.103	5.656	22.131	23.866	13.671	11.157	31.056	22.798	38.005	30.992	18.129	16.159
Glyma.02G112000	0.935	5.179	18.155	3.897	3.994	7.171	2.824	2.438	2.499	2.854	27.427	23.014
Glyma.02G112100	2.263	4.391	19.46	3.723	8.354	24.859	6.361	6.165	24.029	3.752	6.787	20.986
Glyma.02G112400	39.624	62.092	80.504	30.839	44.846	206.102	11.923	25.533	27.306	10.565	14.852	60.109
Glyma.02G113500	64.94	59.532	36.121	33.625	28.346	35.916	29.351	26.745	32.312	32.381	26.836	37.497
Glyma.02G113900	1.669	12.55	12.629	4.212	8.266	13.988	4.613	6.041	8.534	4.977	15.446	20.024
Glyma.02G114000	2.346	4.023	7.801	3.512	3.337	7.678	3.734	3.251	3.539	3.318	11.571	9.441
Glyma.02G114800	14.853	21.522	38.13	34.331	54.786	18.973	47.918	42.764	28.5	39.287	48.844	22.378
Glyma.02G115200	11.347	16.846	6.438	6.007	4.844	21.132	2.548	3.959	2.213	2.715	1.856	18.708
Glyma.02G115400	20.767	23.417	47.84	47.775	58.475	15.124	64.51	51.024	32.6	43.266	43.536	17.714
Glyma.02G115600	1.925	1.352	5.699	5.066	3.631	2.576	6.843	4.382	6.486	6.134	3.893	3.359
Glyma.02G116100	8.938	19.957	15.037	29.342	54.494	31.75	35.594	52.322	28.827	32.894	30.48	16.845
Glyma.02G116200	0.413	2.646	10.534	1.739	11.421	6.641	3.431	8.419	3.785	1.067	2.492	7.709
Glyma.02G116300	81.68	49.75	11.044	67.334	45.66	89.439	65.684	62.701	25.617	62.382	21.736	46.818
Glyma.02G116400	24.2	7.617	2.989	7.24	1.43	3.291	8.877	4.998	0.685	5.175	0.611	13.471
Glyma.02G116900	7.527	7.784	4.312	3.292	3.103	10.28	2.591	3.566	3.935	1.9	3.638	6.502
Glyma.02G117000	7.847	26.198	18.195	7.92	10.412	50.413	8.885	13.212	43.067	9.414	10.877	36.773
Glyma.02G117100	7.154	18.936	15.483	9.099	10.886	41.622	10.177	13.25	32.671	10.645	9.692	29.39
Glyma.02G118500	4.484	3.568	0.788	8.445	5.576	2.117	8.118	5.586	4.304	8.491	3.781	1.059
Glyma.02G118600	0.471	0.86	2.231	0.615	0.577	2.204	0.558	0.382	0.78	0.654	1.62	4.5
Glyma.02G119500	2.057	1.707	2.783	1.848	1.546	5.414	1.451	1.294	3.027	1.523	2.053	4.759
Glyma.02G119600	31.412	28.601	6.595	11.933	1.427	16.687	0.026	0.031	0.012	0.023	0.033	39.57
Glyma.02G120100	0.715	2.27	3.48	2.014	1.777	2.724	2.457	2.576	3.015	2.161	3.828	4.856
Glyma.02G120200	53.675	19.665	14.26	21.156	10.828	15.204	14.204	9.042	17.588	14.434	4.911	9.345
Glyma.02G120300	0.621	0.853	16.976	5.475	1.048	4.084	2.384	0.572	1.275	2.008	11.188	30.662
Glyma.02G120400	2.515	6.388	12.03	4.203	4.719	12.635	4.574	5.406	9.372	4.543	9.677	14.752
Glyma.02G120900	25.482	41.691	88.535	61.891	110.911	40.382	80.962	78.854	46.006	59.28	101.598	51.598
Glyma.02G121000	5.462	4.584	4.073	33.663	18.352	3.642	40.3	36.709	34.826	49.334	14.802	4.346
Glyma.02G121300	12.075	17.396	3.756	12.973	14.082	4.817	18.245	13.132	6.197	15.569	8.55	6.111
Glyma.02G121400	7.076	16.27	0.828	4.584	2.653	0.583	3.403	3.696	0.466	3.257	1.505	0.229
Glyma.02G121500	0.088	3.545	0.383	2.265	0.146	0.018	0.343	0.102	3.899	3.44	2.932	0.922
Glyma.02G121600	0	0.411	0.438	4.027	2.719	0.027	1.617	1.833	7.921	3.901	4.75	1.681
Glyma.02G122000	1.148	0.778	1.759	1.019	1.618	4.685	3.216	2.281	3.854	1.716	1.242	1.651
Glyma.02G122500	4.259	7.361	6.027	6.367	5.359	18.134	8.43	10.088	16.543	5.313	6.528	16.299
Glyma.02G122700	13.664	13.19	6.022	14.784	8.24	15.209	13.143	10.757	11.896	11.586	11.608	11.763
Glyma.02G123000	1.846	4.254	1.455	1.786	2.123	2.387	0.353	0.226	0.07	0.189	0.031	0.155
Glyma.02G123302	2.744	4.957	5.055	3.024	3.336	15.245	3.859	4.481	9.667	4.334	4.272	9.971
Glyma.02G123700	49.952	29.529	21.522	29.514	35.207	23.263	29.886	40.937	37.555	28.79	18.767	24.217
Glyma.02G124500	21.688	180.004	165.136	56.777	75.478	86.118	23.958	36.391	26.18	36.235	233.334	354.621
Glyma.02G124700	5.508	3.018	0.754	4.955	0.875	3.601	0.305	0.215	0.074	0.133	0.156	5.521
Glyma.02G125100	11.529	24.349	25.305	4.275	11.912	70.951	1.889	8.526	23.512	2.368	6.6	48.938
Glyma.02G125600	4.632	2.985	1.623	5.743	2.766	10.725	9.402	7.325	2.97	1.375	0.819	2.505
Glyma.02G126300	0.621	6.088	66.243	2.286	9.614	80.842	1.986	9.801	98.36	2.933	20.184	97.187
Glyma.02G126500	39.547	21.957	8.343	40.118	19.023	11.345	38.633	23.267	11.524	41.885	19.806	8.721
Glyma.02G126800	4.004	5.898	1.889	6.393	2.677	20.446	4.812	2.924	2.654	2.426	1.693	15.31
Glyma.02G127800	11.428	11.53	2.936	12.999	7.219	6.388	10.565	12.301	5.561	8.768	5.359	7.417
Glyma.02G128000	220.956	127.248	45.283	248.426	81.826	111.277	195.446	86.77	25.852	242.677	139.365	87.53
Glyma.02G128100	453.569	267.322	94.194	526.793	168.746	201.838	422.966	179.62	64.669	534.021	297.761	176.301
Glyma.02G128400	8.7	1.857	1.188	2.739	0.153	2.083	0.596	0.221	0.335	1.669	0.057	0.9
Glyma.02G129100	6.13	5.143	8.315	6.491	7.517	3.752	10.093	9.94	15.136	8.824	7.182	5.756
Glyma.02G129200	12.896	22.225	8.493	17.435	10.417	15.751	14.299	13.637	4.565	14.295	24.587	6.301
Glyma.02G129300	12.997	14.149	4.587	12.982	11.241	5.684	15.394	14.93	6.061	13.821	5.17	3.016
Glyma.02G129900	29.207	24.903	16.849	14.06	11.168	4.396	9.642	13.334	9.869	10.414	9.026	1.822
Glyma.02G130400	7.248	8.735	2.833	2.645	1.837	21.2	1.995	1.758	0.18	0.613	0.745	15.729
Glyma.02G131500	0.972	1.179	3.131	1.361	1.849	5.949	0.863	1.337	3.97	1.008	0.732	5.335
Glyma.02G131600	0.177	0.113	6.891	3.682	1.735	1.425	3.434	1.775	9.635	6.494	4.186	5.1
Glyma.02G131700	13.02	26.672	10.327	22.594	36.539	20.646	28.6	47.622	19.614	15.976	14.315	15.248
Glyma.02G132100	330.447	197.391	130.364	14.711	25.82	8.693	8.763	23.329	11.756	16.48	53.907	74.492
Glyma.02G132200	0.536	6.8	2.746	0.836	15.406	1.46	2.109	5.179	1.059	0.708	4.77	0.683
Glyma.02G132900	3.218	9.955	12.441	4.371	16.758	7.61	5.047	9.963	9.616	5.867	8.049	11.513
Glyma.02G133100	3.186	7.057	14.556	5.62	5.671	12.769	5.954	6.424	10.205	5.577	12.223	19.509
Glyma.02G133500	26.626	56.323	68.449	24.601	77.644	90.021	31.409	39.575	33.842	16.768	26.1	67.793
Glyma.02G133700	0.076	0.097	5.114	3.089	4.91	0.088	8.313	7.395	1.306	4.253	3.166	1.341
Glyma.02G133800	66.484	150.365	63.402	71.703	120.084	121.598	62.327	92.951	50.082	46.629	43.634	89.513
Glyma.02G133900	48.655	80.174	56.403	59.866	142.11	24.625	93.039	145.035	55.503	66.885	51.651	31.981
Glyma.02G134000	3.703	5.837	1.846	3.937	5.497	5.796	5.262	5.959	1.37	2.38	2.3	2.889
Glyma.02G134200	7.743	13.015	4.595	13.228	19.974	2.88	13.785	17.407	3.782	12.096	11.82	3.387
Glyma.02G134800	4.01	20.17	18.522	8.181	13.885	12.653	7.645	10.794	8.478	7.603	25.098	19.315
Glyma.02G135400	20.412	13.327	19.166	15.045	10.678	9.61	12.409	8.705	3.549	9.286	26.032	21.113
Glyma.02G135500	6.567	5.287	13.084	7.247	2.825	4.186	8.133	3.686	4.286	6.099	3.795	4.089
Glyma.02G136000	30.77	38.616	25.211	9.452	3.134	81.584	2.246	3.714	3.348	1.586	0.754	28.527
Glyma.02G136100	1.508	5.168	1.848	2.816	1.112	12.811	0.927	0.671	0.751	0.557	0.375	14.179
Glyma.02G136200	32.943	27.263	11.197	6.814	2.265	37.327	1.49	3.325	2.234	0.861	0.522	12.69
Glyma.02G136300	33.047	41.067	21.586	13.163	7.931	27.515	9.27	13.213	9.909	5.572	5.8	14.791
Glyma.02G136700	2.432	2.664	49.663	0.979	1.703	75.865	0.823	1.844	17.029	0.891	3.646	116.831
Glyma.02G136800	2.975	3.591	9.542	3.794	3.854	14.158	3.666	3.952	9.434	4.269	3.888	14.163
Glyma.02G137100	8.257	11.505	12.549	10.522	9.903	15.877	9.159	6.593	10.214	9.579	22.125	21.753
Glyma.02G137400	12.982	9.466	7.972	20.215	7.897	28.176	8.724	4.149	1.858	19.705	11.191	15.687
Glyma.02G138400	189.223	179.092	92.891	97.454	82.645	101.912	79.184	58.813	58.376	79.668	86.12	113.811
Glyma.02G138700	9.889	2.023	4.246	4.91	2.285	7.856	4.204	2.163	6.499	4.816	1.787	6.423
Glyma.02G139500	1.742	3.842	3.575	5.992	6.079	6.989	11.611	9.202	3.942	5.204	6.248	3.525
Glyma.02G139700	10.282	4.997	2.585	5.718	2.654	10.644	3.097	3.548	3.413	5.826	3.158	9.313
Glyma.02G140900	99.802	112.621	116.537	191.04	146.037	129.846	238.736	206.269	204.158	262.621	103.09	91.583
Glyma.02G141000	10.412	16.36	8.689	16.324	11.65	30.704	14.701	12.625	11.891	14.933	8.479	28.868
Glyma.02G141600	2.668	2.413	18.344	10.736	14.247	7.686	17.058	16.584	23.517	17.265	13.427	10.81
Glyma.02G142300	1.203	0.599	4.471	3.003	1.431	1.173	2.108	1.729	1.079	1.381	1.392	1.636
Glyma.02G142500	14.457	6.021	12.654	185.862	60.174	10.982	49.685	135.274	36.888	51.145	25.18	8.063
Glyma.02G142600	7.461	4.924	6.448	30.099	8.626	3.826	13.052	14.721	11.589	13.111	5.651	6.828
Glyma.02G143200	2.929	0.613	90.587	21.669	5.432	1.736	21.719	7.843	10.38	8.986	3.859	2.9
Glyma.02G143300	87.505	110.165	7.082	52.754	36.706	16.759	32.078	34.588	4.946	54.034	45.102	22.37
Glyma.02G143500	3.084	1.576	7.989	9.546	4.976	2.362	12.186	4.965	6.271	13.793	5.743	4.264
Glyma.02G143700	188.218	179.985	85.988	145.817	141.926	60.34	132.756	129.039	80.803	153.504	160.531	89.899
Glyma.02G144100	1.217	1.356	3.121	1.394	1.093	3.362	1.371	1.438	2.323	1.449	1.952	4.704
Glyma.02G144267	3.751	4.926	5.539	4.645	3.233	12.983	5.431	3.235	7.728	5.916	4.597	11.621
Glyma.02G144333	4.667	5.147	5	4.032	3.646	12.83	5.573	3.465	5.019	6.184	4.267	11.553
Glyma.02G144500	2.909	8.023	9.081	3.991	10.609	12.006	4.955	10.958	17.962	4.358	11.15	10.401
Glyma.02G145100	140.542	123.947	20.492	45.21	131.546	5.857	35.55	68.893	9.963	31.446	43.574	7.574
Glyma.02G145600	1.124	0.916	2.705	3.396	1.718	1.084	4.591	2.159	4.868	5.71	3.879	2.173
Glyma.02G145700	0.567	0.52	3.024	4.8	5.326	1.005	5.556	6.668	6.552	11.36	7.618	2.768
Glyma.02G146500	3.754	6.614	17.653	8.64	13.044	14.328	11.002	13.106	22.734	9.987	14.161	15.978
Glyma.02G146700	0.958	0.974	5.549	6.91	2.853	1.122	7.115	4.583	9.256	9.126	7.186	3.694
Glyma.02G146900	5.734	3.884	7.72	7.966	3.454	23.141	4.9	4.453	15.999	5.683	1.785	27.518
Glyma.02G147100	0.067	0.241	7.404	2.498	1.764	0.064	3.961	2.462	4.313	1.667	4.302	0.836
Glyma.02G147200	2.044	2.887	20.365	5.222	6.736	3.327	13.579	6.894	3.37	5.191	8.484	3.789
Glyma.02G147300	363.596	211.775	138.802	175.659	187.631	47.427	145.631	171.595	219.109	208.153	183.864	85.364
Glyma.02G148300	0	0.036	3.116	1.081	10.961	0.086	3.759	7.543	0.747	1.688	2.294	0.954
Glyma.02G148400	11.458	22.464	12.047	10.83	24.066	49.475	10.201	16.594	6.441	3.608	5.494	27.267
Glyma.02G148600	1.612	3.358	2.802	0.638	0.424	1.484	0.7	1.353	0.408	0.633	4.247	7.86
Glyma.02G149800	85.6	50.949	18.392	54.17	29.761	31.009	42.322	33.24	22.457	66.215	34.465	39.167
Glyma.02G150100	2.461	4.326	10.078	2.87	2.412	8.353	2.06	1.323	1.664	2.04	5.435	13.916
Glyma.02G150200	1.281	6.664	6.702	1.548	5.025	15.909	1.434	4.96	11.086	1.536	3.655	8.146
Glyma.02G150400	0.683	2.321	4.001	1.982	2.785	4.877	2.099	2.589	3.36	2.147	5.16	7.468
Glyma.02G150550	1.526	4.5	7.505	5.921	4.202	6.55	5.099	6.027	6.02	6.203	5.971	4.723
Glyma.02G150600	0.208	0.165	1.197	0.574	0.609	4.618	0.578	0.978	1.592	0.549	0.687	1.9
Glyma.02G150700	14.41	21.035	33.464	18.383	34.305	7.69	29.955	41.684	35.367	23.777	26.674	11.195
Glyma.02G151002	7.142	6.41	20.971	11.688	5.609	25.292	11.896	6.74	21.178	15.654	4.978	21.984
Glyma.02G151100	8.321	18.327	9.993	5.236	9.458	18.58	5.159	10.985	7.479	3.732	4.293	12.692
Glyma.02G151500	2.037	5.379	8.464	3.076	4.307	6.839	3.145	3.096	3.628	3.401	12.214	12.068
Glyma.02G152500	3.063	0.731	5.782	16.487	4.414	0.332	12.127	5.405	10.627	22.054	6.867	3.246
Glyma.02G152900	1.525	1.285	0.947	1.153	0.524	4.995	0.436	0.476	0.541	0.328	0.747	4.654
Glyma.02G153000	64.078	59.308	15.544	83.535	42.048	397.257	15.958	25.112	14.456	15.813	18.685	261.003
Glyma.02G153500	5.813	8.303	2.123	6.531	9.421	1.611	4.229	8.23	1.918	4.337	6.23	2.347
Glyma.02G155200	1.317	1.919	5.376	2.251	2.429	6.899	2.194	2.092	4.125	2.005	3.444	7.826
Glyma.02G155300	6.315	14.276	24.994	8.466	11.976	18.336	8.65	12.419	10.132	7.334	17.528	18.551
Glyma.02G155400	6.512	16.187	23.74	10.177	13.797	12.509	6.73	5.262	5.296	8.65	48.548	34.698
Glyma.02G155600	53.504	59.874	74.323	112.9	50.625	160.945	40.033	53.453	68.395	60.272	40.427	133.522
Glyma.02G158700	1.832	2.703	1.719	1.676	2.11	11.468	2.536	1.614	1.147	0.85	0.975	12.675
Glyma.02G160400	0.519	1.204	2.045	1.009	1.252	3.124	1.243	1.238	3.604	1.203	1.899	3.803
Glyma.02G160500	1198.738	365.807	98.057	153.323	51.505	185.372	62.648	52.308	53.314	94.957	47.004	133.75
Glyma.02G161600	2.126	4.262	9.66	7.557	11.259	7.872	11.719	12.171	14.543	9.216	8.761	9.779
Glyma.02G162300	16.874	12.447	9.733	20.474	12.384	15.92	22.791	15.734	17.282	28.067	13.393	12
Glyma.02G163200	0.991	0.583	1.916	7.853	2.974	1.355	11.125	4.313	5.581	12.418	3.399	2.106
Glyma.02G163300	10.87	9.9	12.457	26.993	22.977	9.303	35.574	25.268	16.644	32.851	21.446	10.716
Glyma.02G164100	0.844	0.716	3.294	2.07	0.916	3.488	1.811	1.102	3.81	2.654	1.274	3.736
